2 0.625 0.7487980769230769 0.10336538461538461 0.16826923076923078
1 0.2932692307692308 0.890625 0.10096153846153846 0.1875
1 0.140625 0.8209134615384616 0.10096153846153846 0.15865384615384615
1 0.3798076923076923 0.7824519230769231 0.055288461538461536 0.08653846153846154
1 0.4855769230769231 0.7824519230769231 0.10336538461538461 0.16105769230769232
1 0.5528846153846154 0.5961538461538461 0.08173076923076923 0.13221153846153846
0 0.9783653846153846 0.6346153846153846 0.038461538461538464 0.20673076923076922
1 0.9495192307692307 0.6682692307692307 0.09615384615384616 0.1875
1 0.6899038461538461 0.5877403846153846 0.04326923076923077 0.07451923076923077
1 0.265625 0.6009615384615384 0.04326923076923077 0.06971153846153846
1 0.11899038461538461 0.6177884615384616 0.04567307692307692 0.06971153846153846
1 0.6814903846153846 0.6899038461538461 0.052884615384615384 0.10817307692307693