2 0.6033653846153846 0.7584134615384616 0.09134615384615384 0.1658653846153846
1 0.25961538461538464 0.8713942307692307 0.0889423076923077 0.18509615384615385
1 0.1141826923076923 0.7884615384615384 0.0889423076923077 0.15625
1 0.3557692307692308 0.7716346153846154 0.04807692307692308 0.08413461538461539
1 0.46153846153846156 0.7800480769230769 0.09134615384615384 0.15625
1 0.5444711538461539 0.6009615384615384 0.06971153846153846 0.12980769230769232
0 0.9759615384615384 0.6790865384615384 0.04326923076923077 0.20432692307692307
1 0.9350961538461539 0.7067307692307693 0.08653846153846154 0.18028846153846154
1 0.6814903846153846 0.6045673076923077 0.036057692307692304 0.07451923076923077
1 0.25721153846153844 0.5805288461538461 0.038461538461538464 0.0673076923076923
1 0.11057692307692307 0.5841346153846154 0.040865384615384616 0.0673076923076923
1 0.6646634615384616 0.7055288461538461 0.04567307692307692 0.10817307692307693