2 0.6165865384615384 0.7524038461538461 0.0985576923076923 0.16826923076923078
1 0.27884615384615385 0.8834134615384616 0.09615384615384616 0.1875
1 0.12980769230769232 0.8076923076923077 0.09615384615384616 0.15865384615384615
1 0.3701923076923077 0.7788461538461539 0.052884615384615384 0.08653846153846154
1 0.47596153846153844 0.78125 0.0985576923076923 0.15865384615384615
1 0.5492788461538461 0.5985576923076923 0.07692307692307693 0.13221153846153846
0 0.9771634615384616 0.6526442307692307 0.040865384615384616 0.20432692307692307
1 0.9459134615384616 0.6838942307692307 0.09615384615384616 0.18269230769230768
1 0.6862980769230769 0.5949519230769231 0.040865384615384616 0.07451923076923077
1 0.2620192307692308 0.5925480769230769 0.040865384615384616 0.0673076923076923
1 0.11538461538461539 0.6045673076923077 0.04326923076923077 0.0673076923076923
1 0.6754807692307693 0.6959134615384616 0.05048076923076923 0.10817307692307693