2 0.1141826923076923 0.1875 0.0673076923076923 0.12259615384615384
0 0.3076923076923077 0.46875 0.09134615384615384 0.17307692307692307
0 0.14182692307692307 0.8221153846153846 0.08173076923076923 0.18269230769230768
2 0.18870192307692307 0.3605769230769231 0.07932692307692307 0.12980769230769232
2 0.3605769230769231 0.19831730769230768 0.0625 0.10336538461538461
0 0.4699519230769231 0.43509615384615385 0.15144230769230768 0.25721153846153844
1 0.7271634615384616 0.6418269230769231 0.125 0.24278846153846154
1 0.8425480769230769 0.21394230769230768 0.12259615384615384 0.18990384615384615
1 0.6526442307692307 0.2403846153846154 0.0673076923076923 0.1201923076923077
1 0.5096153846153846 0.10817307692307693 0.05048076923076923 0.10336538461538461
2 0.46274038461538464 0.06971153846153846 0.038461538461538464 0.07451923076923077
2 0.30649038461538464 0.0673076923076923 0.04567307692307692 0.08413461538461539