2 0.14302884615384615 0.15504807692307693 0.06009615384615385 0.1201923076923077
0 0.3112980769230769 0.4519230769230769 0.08173076923076923 0.16826923076923078
0 0.11538461538461539 0.7896634615384616 0.07211538461538461 0.1778846153846154
2 0.20192307692307693 0.33413461538461536 0.07211538461538461 0.12740384615384615
2 0.38822115384615385 0.1875 0.057692307692307696 0.10096153846153846
0 0.47596153846153844 0.4326923076923077 0.13701923076923078 0.25
1 0.7139423076923077 0.6610576923076923 0.11298076923076923 0.23798076923076922
1 0.8665865384615384 0.2439903846153846 0.11298076923076923 0.18509615384615385
1 0.6754807692307693 0.2548076923076923 0.06009615384615385 0.11778846153846154
1 0.5444711538461539 0.11057692307692307 0.04567307692307692 0.10096153846153846
2 0.5 0.06850961538461539 0.03365384615384615 0.07451923076923077
2 0.34375 0.052884615384615384 0.04326923076923077 0.08173076923076923