2 0.20192307692307693 0.10336538461538461 0.07932692307692307 0.12740384615384615
0 0.32091346153846156 0.4230769230769231 0.10817307692307693 0.1778846153846154
0 0.07451923076923077 0.7259615384615384 0.0985576923076923 0.1875
2 0.23197115384615385 0.28966346153846156 0.09134615384615384 0.1346153846153846
2 0.4375 0.17427884615384615 0.07211538461538461 0.10817307692307693
0 0.48677884615384615 0.42908653846153844 0.17548076923076922 0.2692307692307692
1 0.6862980769230769 0.6923076923076923 0.14903846153846154 0.25
1 0.9014423076923077 0.30528846153846156 0.13942307692307693 0.19951923076923078
1 0.7115384615384616 0.2848557692307692 0.07932692307692307 0.125
1 0.6045673076923077 0.12139423076923077 0.06009615384615385 0.10576923076923077
2 0.5673076923076923 0.0733173076923077 0.04567307692307692 0.07692307692307693
2 0.41586538461538464 0.039663461538461536 0.057692307692307696 0.07932692307692307