1 0.1141826923076923 0.24639423076923078 0.10096153846153846 0.14423076923076922
1 0.7247596153846154 0.17427884615384615 0.11538461538461539 0.17307692307692307
1 0.7932692307692307 0.1875 0.057692307692307696 0.0889423076923077
1 0.8786057692307693 0.18509615384615385 0.02403846153846154 0.036057692307692304
1 0.6189903846153846 0.19591346153846154 0.036057692307692304 0.06009615384615385
1 0.3112980769230769 0.3088942307692308 0.04326923076923077 0.06490384615384616
0 0.44350961538461536 0.21754807692307693 0.13701923076923078 0.1875
1 0.5372596153846154 0.22115384615384615 0.03365384615384615 0.04567307692307692
1 0.37259615384615385 0.2692307692307692 0.021634615384615384 0.03365384615384615
1 0.9362980769230769 0.19230769230769232 0.014423076923076924 0.028846153846153848
0 0.3449519230769231 0.25961538461538464 0.021634615384615384 0.02403846153846154