1 0.1814903846153846 0.1658653846153846 0.07451923076923077 0.12980769230769232
1 0.7920673076923077 0.23317307692307693 0.08173076923076923 0.15865384615384615
1 0.8557692307692307 0.2620192307692308 0.040865384615384616 0.08173076923076923
1 0.9399038461538461 0.27884615384615385 0.016826923076923076 0.03365384615384615
1 0.6838942307692307 0.23076923076923078 0.02403846153846154 0.057692307692307696
1 0.359375 0.27163461538461536 0.028846153846153848 0.057692307692307696
0 0.5084134615384616 0.21153846153846154 0.10096153846153846 0.16826923076923078
1 0.5985576923076923 0.23677884615384615 0.02403846153846154 0.040865384615384616
1 0.42788461538461536 0.24639423076923078 0.014423076923076924 0.028846153846153848
1 0.9939903846153846 0.2980769230769231 0.009615384615384616 0.028846153846153848
0 0.4026442307692308 0.23076923076923078 0.016826923076923076 0.021634615384615384