1 0.15144230769230768 0.6129807692307693 0.13221153846153846 0.2091346153846154
1 0.53125 0.5588942307692307 0.11298076923076923 0.17067307692307693
1 0.9158653846153846 0.43149038461538464 0.06009615384615385 0.06490384615384616
1 0.7632211538461539 0.39783653846153844 0.03365384615384615 0.052884615384615384
1 0.6622596153846154 0.43149038461538464 0.04326923076923077 0.08653846153846154
1 0.41346153846153844 0.4951923076923077 0.052884615384615384 0.10817307692307693
2 0.30288461538461536 0.39663461538461536 0.03125 0.08413461538461539
2 0.5865384615384616 0.32211538461538464 0.03365384615384615 0.08173076923076923
2 0.8221153846153846 0.3449519230769231 0.038461538461538464 0.06490384615384616
2 0.9615384615384616 0.35336538461538464 0.04326923076923077 0.06971153846153846
2 0.44350961538461536 0.3701923076923077 0.026442307692307692 0.05048076923076923
1 0.49278846153846156 0.33774038461538464 0.026442307692307692 0.0673076923076923