1 0.13341346153846154 0.5132211538461539 0.17067307692307693 0.2283653846153846
1 0.5132211538461539 0.5649038461538461 0.14423076923076922 0.1875
1 0.9194711538461539 0.5492788461538461 0.07211538461538461 0.07451923076923077
1 0.78125 0.47475961538461536 0.04326923076923077 0.057692307692307696
1 0.6754807692307693 0.4795673076923077 0.057692307692307696 0.09134615384615384
1 0.4182692307692308 0.47115384615384615 0.07451923076923077 0.11538461538461539
2 0.3389423076923077 0.34615384615384615 0.04807692307692308 0.0889423076923077
2 0.6322115384615384 0.35336538461538464 0.05048076923076923 0.08653846153846154
2 0.8521634615384616 0.4387019230769231 0.05048076923076923 0.06971153846153846
2 0.9759615384615384 0.4855769230769231 0.04326923076923077 0.07692307692307693
2 0.48197115384615385 0.359375 0.036057692307692304 0.052884615384615384
1 0.5384615384615384 0.3425480769230769 0.038461538461538464 0.07211538461538461