1 0.14423076923076922 0.5889423076923077 0.13221153846153846 0.2091346153846154
1 0.5264423076923077 0.5612980769230769 0.11298076923076923 0.17067307692307693
1 0.9194711538461539 0.46033653846153844 0.06009615384615385 0.06490384615384616
1 0.7704326923076923 0.4170673076923077 0.03365384615384615 0.052884615384615384
1 0.6670673076923077 0.44350961538461536 0.04326923076923077 0.08653846153846154
1 0.41346153846153844 0.4879807692307692 0.052884615384615384 0.10817307692307693
2 0.31009615384615385 0.38221153846153844 0.03125 0.08413461538461539
2 0.5985576923076923 0.3293269230769231 0.03365384615384615 0.08173076923076923
2 0.8317307692307693 0.36778846153846156 0.038461538461538464 0.06490384615384616
2 0.9711538461538461 0.3858173076923077 0.04326923076923077 0.06971153846153846
2 0.453125 0.36658653846153844 0.026442307692307692 0.05048076923076923
1 0.5048076923076923 0.33774038461538464 0.026442307692307692 0.0673076923076923