2 0.34921875 0.6109375 0.1546875 0.225
1 0.17734375 0.80390625 0.1734375 0.253125
2 0.32265625 0.89765625 0.15625 0.1515625
2 0.61171875 0.66171875 0.09375 0.125
1 0.725 0.78203125 0.134375 0.165625
1 0.82421875 0.50625 0.10625 0.1625
1 0.69296875 0.41875 0.1203125 0.18125
1 0.51015625 0.340625 0.0875 0.1078125
2 0.06953125 0.4328125 0.11875 0.15
2 0.2203125 0.43515625 0.1 0.1359375
2 0.27578125 0.08359375 0.0640625 0.1265625
2 0.13515625 0.08046875 0.078125 0.109375
1 0.3515625 0.1765625 0.0734375 0.0984375
2 0.478125 0.14296875 0.0671875 0.1140625
2 0.66640625 0.1296875 0.0984375 0.1046875
2 0.77109375 0.28125 0.0640625 0.1125
2 0.90078125 0.16796875 0.0734375 0.1015625
1 0.9421875 0.3390625 0.08125 0.1078125
2 0.2828125 0.240625 0.06875 0.1046875