2 0.36177884615384615 0.6262019230769231 0.1346153846153846 0.21153846153846154
1 0.21033653846153846 0.8353365384615384 0.14903846153846154 0.23798076923076922
2 0.36538461538461536 0.9134615384615384 0.14423076923076922 0.13701923076923078
2 0.6286057692307693 0.6490384615384616 0.08173076923076923 0.11538461538461539
1 0.7536057692307693 0.7572115384615384 0.1201923076923077 0.15384615384615385
1 0.8233173076923077 0.4735576923076923 0.09134615384615384 0.15384615384615385
1 0.6838942307692307 0.39903846153846156 0.10336538461538461 0.17307692307692307
1 0.49399038461538464 0.34134615384615385 0.07692307692307693 0.10096153846153846
2 0.06490384615384616 0.47836538461538464 0.10576923076923077 0.13942307692307693
2 0.21514423076923078 0.4651442307692308 0.08653846153846154 0.12740384615384615
2 0.23317307692307693 0.109375 0.052884615384615384 0.1201923076923077
2 0.09254807692307693 0.12139423076923077 0.0673076923076923 0.10096153846153846
1 0.31850961538461536 0.1935096153846154 0.06490384615384616 0.09134615384615384
2 0.4411057692307692 0.1466346153846154 0.055288461538461536 0.11057692307692307
2 0.6262019230769231 0.1141826923076923 0.08653846153846154 0.09615384615384616
2 0.7475961538461539 0.2536057692307692 0.052884615384615384 0.10817307692307693
2 0.8641826923076923 0.12740384615384615 0.0625 0.09615384615384616
2 0.9747596153846154 0.08533653846153846 0.04567307692307692 0.07932692307692307
1 0.921875 0.29447115384615385 0.07211538461538461 0.10096153846153846
2 0.25721153846153844 0.265625 0.057692307692307696 0.0985576923076923