2 0.38822115384615385 0.6502403846153846 0.17067307692307693 0.23317307692307693
1 0.2800480769230769 0.875 0.19471153846153846 0.24519230769230768
2 0.44711538461538464 0.9242788461538461 0.16826923076923078 0.1466346153846154
2 0.6550480769230769 0.6213942307692307 0.10336538461538461 0.12980769230769232
1 0.7980769230769231 0.7043269230769231 0.1466346153846154 0.17548076923076922
1 0.8125 0.41225961538461536 0.11778846153846154 0.1658653846153846
1 0.6610576923076923 0.36538461538461536 0.1346153846153846 0.1875
1 0.4639423076923077 0.3449519230769231 0.09615384615384616 0.11298076923076923
2 0.06850961538461539 0.5612980769230769 0.12980769230769232 0.15625
2 0.21394230769230768 0.5204326923076923 0.10817307692307693 0.14182692307692307
2 0.16346153846153846 0.16706730769230768 0.07451923076923077 0.12980769230769232
2 0.036057692307692304 0.20673076923076922 0.07211538461538461 0.11538461538461539
1 0.26322115384615385 0.23317307692307693 0.08173076923076923 0.10336538461538461
2 0.375 0.16466346153846154 0.07451923076923077 0.11778846153846154
2 0.5504807692307693 0.09735576923076923 0.10336538461538461 0.11057692307692307
2 0.6959134615384616 0.21033653846153846 0.07211538461538461 0.11538461538461539
2 0.7860576923076923 0.06490384615384616 0.08173076923076923 0.10576923076923077
2 0.8894230769230769 0.02283653846153846 0.0625 0.04567307692307692
1 0.875 0.21754807692307693 0.0889423076923077 0.11298076923076923
2 0.21754807692307693 0.3161057692307692 0.07692307692307693 0.10817307692307693