2 0.378125 0.64140625 0.1578125 0.2265625
1 0.25390625 0.86875 0.178125 0.2546875
2 0.41640625 0.92421875 0.1609375 0.1484375
2 0.6453125 0.6328125 0.0953125 0.125
1 0.7828125 0.72421875 0.1375 0.16875
1 0.81796875 0.43359375 0.109375 0.1625
1 0.6703125 0.37734375 0.1234375 0.1828125
1 0.47421875 0.3421875 0.0890625 0.109375
2 0.065625 0.53125 0.1203125 0.1515625
2 0.2125 0.5 0.1015625 0.1375
2 0.18828125 0.14453125 0.0671875 0.128125
2 0.05 0.1734375 0.0796875 0.109375
1 0.2828125 0.21796875 0.075 0.1
2 0.39765625 0.15703125 0.06875 0.115625
2 0.57890625 0.1015625 0.1 0.1046875
2 0.71484375 0.22578125 0.065625 0.1140625
2 0.81640625 0.08671875 0.075 0.103125
2 0.921875 0.0359375 0.05625 0.071875
1 0.89453125 0.24375 0.084375 0.109375
2 0.23046875 0.29609375 0.0703125 0.10625