2 0.3737980769230769 0.6382211538461539 0.15144230769230768 0.22355769230769232
1 0.2403846153846154 0.859375 0.17067307692307693 0.25
2 0.4014423076923077 0.9230769230769231 0.15384615384615385 0.14903846153846154
2 0.640625 0.6370192307692307 0.09375 0.12259615384615384
1 0.7752403846153846 0.734375 0.13221153846153846 0.1658653846153846
1 0.8197115384615384 0.44591346153846156 0.10336538461538461 0.16105769230769232
1 0.6742788461538461 0.38341346153846156 0.11778846153846154 0.18028846153846154
1 0.4807692307692308 0.3425480769230769 0.08653846153846154 0.10817307692307693
2 0.06490384615384616 0.5168269230769231 0.11538461538461539 0.14903846153846154
2 0.2127403846153846 0.49038461538461536 0.09615384615384616 0.1346153846153846
2 0.20072115384615385 0.1346153846153846 0.0625 0.125
2 0.06129807692307692 0.15865384615384615 0.07692307692307693 0.10817307692307693
1 0.2920673076923077 0.21033653846153846 0.07211538461538461 0.0985576923076923
2 0.4110576923076923 0.15264423076923078 0.06490384615384616 0.11298076923076923
2 0.5925480769230769 0.1045673076923077 0.09615384615384616 0.10336538461538461
2 0.7247596153846154 0.23317307692307693 0.0625 0.11298076923076923
2 0.8305288461538461 0.09735576923076923 0.07211538461538461 0.10096153846153846
2 0.9375 0.04567307692307692 0.052884615384615384 0.08173076923076923
1 0.9026442307692307 0.25841346153846156 0.08173076923076923 0.10576923076923077
2 0.23798076923076922 0.28725961538461536 0.0673076923076923 0.10336538461538461