2 0.359375 0.6234375 0.1375 0.2140625
1 0.20546875 0.83046875 0.1546875 0.240625
2 0.3578125 0.91171875 0.1453125 0.140625
2 0.62578125 0.6515625 0.084375 0.1171875
1 0.7484375 0.76171875 0.121875 0.15625
1 0.82421875 0.478125 0.09375 0.1546875
1 0.68515625 0.40234375 0.10625 0.1734375
1 0.496875 0.340625 0.0796875 0.1015625
2 0.065625 0.4703125 0.1078125 0.140625
2 0.215625 0.46015625 0.0890625 0.128125
2 0.240625 0.1046875 0.0546875 0.1234375
2 0.1 0.1140625 0.06875 0.103125
1 0.32421875 0.190625 0.0671875 0.09375
2 0.446875 0.14609375 0.0578125 0.1109375
2 0.63359375 0.11640625 0.090625 0.096875
2 0.75078125 0.25859375 0.0546875 0.109375
2 0.8703125 0.134375 0.065625 0.096875
2 0.97890625 0.09453125 0.0390625 0.0796875
1 0.9265625 0.30078125 0.0734375 0.1015625
2 0.2609375 0.2609375 0.0609375 0.1