1 0.14903846153846154 0.13581730769230768 0.10336538461538461 0.16826923076923078
1 0.20552884615384615 0.3161057692307692 0.17307692307692307 0.24278846153846154
1 0.5877403846153846 0.2692307692307692 0.15144230769230768 0.15865384615384615
1 0.8978365384615384 0.5252403846153846 0.13701923076923078 0.1466346153846154
1 0.8557692307692307 0.3389423076923077 0.0889423076923077 0.11778846153846154
1 0.7271634615384616 0.29927884615384615 0.07932692307692307 0.11057692307692307
1 0.4411057692307692 0.33533653846153844 0.09134615384615384 0.125
2 0.7223557692307693 0.14783653846153846 0.0625 0.09134615384615384
2 0.7944711538461539 0.2512019230769231 0.0673076923076923 0.0985576923076923
1 0.9338942307692307 0.3076923076923077 0.07211538461538461 0.09375
1 0.9387019230769231 0.19831730769230768 0.06971153846153846 0.09134615384615384