1 0.04447115384615385 0.2932692307692308 0.0889423076923077 0.16826923076923078
1 0.15745192307692307 0.43990384615384615 0.16826923076923078 0.2403846153846154
1 0.49399038461538464 0.2536057692307692 0.1466346153846154 0.15625
1 0.8786057692307693 0.375 0.13221153846153846 0.14423076923076922
1 0.7704326923076923 0.21634615384615385 0.08653846153846154 0.11538461538461539
1 0.6346153846153846 0.2283653846153846 0.07451923076923077 0.10817307692307693
1 0.38461538461538464 0.36899038461538464 0.08653846153846154 0.125
2 0.5745192307692307 0.09014423076923077 0.06009615384615385 0.0889423076923077
2 0.6802884615384616 0.15985576923076922 0.06490384615384616 0.0985576923076923
1 0.8305288461538461 0.15865384615384615 0.06971153846153846 0.09134615384615384
1 0.7944711538461539 0.056490384615384616 0.0673076923076923 0.09134615384615384