1 0.12980769230769232 0.15384615384615385 0.09615384615384616 0.1658653846153846
1 0.19591346153846154 0.3317307692307692 0.16346153846153846 0.23798076923076922
1 0.5745192307692307 0.2644230769230769 0.14423076923076922 0.15384615384615385
1 0.8978365384615384 0.5048076923076923 0.13221153846153846 0.14182692307692307
1 0.8473557692307693 0.31971153846153844 0.08413461538461539 0.11538461538461539
1 0.7163461538461539 0.28725961538461536 0.07451923076923077 0.10817307692307693
1 0.4326923076923077 0.3389423076923077 0.08653846153846154 0.12259615384615384
2 0.703125 0.13701923076923078 0.06009615384615385 0.0889423076923077
2 0.78125 0.23677884615384615 0.0625 0.0985576923076923
1 0.9230769230769231 0.2848557692307692 0.0673076923076923 0.09134615384615384
1 0.921875 0.17668269230769232 0.06490384615384616 0.09134615384615384