1 0.5324519230769231 0.4182692307692308 0.09134615384615384 0.1466346153846154
1 0.22956730769230768 0.2764423076923077 0.0985576923076923 0.15865384615384615
2 0.1201923076923077 0.6478365384615384 0.13701923076923078 0.20673076923076922
2 0.2548076923076923 0.5420673076923077 0.10336538461538461 0.16346153846153846
2 0.042067307692307696 0.44591346153846156 0.08413461538461539 0.14182692307692307
2 0.3581730769230769 0.09495192307692307 0.0673076923076923 0.0985576923076923
2 0.3581730769230769 0.25 0.0985576923076923 0.17067307692307693
2 0.8257211538461539 0.36538461538461536 0.10336538461538461 0.17067307692307693
2 0.4182692307692308 0.7271634615384616 0.11057692307692307 0.16826923076923078
2 0.7283653846153846 0.7608173076923077 0.10576923076923077 0.19951923076923078
2 0.7415865384615384 0.5925480769230769 0.08413461538461539 0.17067307692307693