1 0.5024038461538461 0.4110576923076923 0.09134615384615384 0.1466346153846154
1 0.16947115384615385 0.38221153846153844 0.0985576923076923 0.15865384615384615
2 0.1935096153846154 0.7692307692307693 0.13701923076923078 0.20673076923076922
2 0.28365384615384615 0.6237980769230769 0.10336538461538461 0.16346153846153846
2 0.046875 0.6069711538461539 0.09134615384615384 0.13942307692307693
2 0.2283653846153846 0.16826923076923078 0.0673076923076923 0.0985576923076923
2 0.28125 0.3137019230769231 0.0985576923076923 0.17067307692307693
2 0.7596153846153846 0.2620192307692308 0.10336538461538461 0.17067307692307693
2 0.5012019230769231 0.7415865384615384 0.11057692307692307 0.16826923076923078
2 0.8040865384615384 0.6670673076923077 0.10576923076923077 0.19951923076923078
2 0.7584134615384616 0.5048076923076923 0.08413461538461539 0.17067307692307693