1 0.5144230769230769 0.41346153846153844 0.07451923076923077 0.13942307692307693
1 0.18870192307692307 0.33774038461538464 0.07932692307692307 0.15144230769230768
2 0.15865384615384615 0.7235576923076923 0.11057692307692307 0.19471153846153846
2 0.2692307692307692 0.5925480769230769 0.08413461538461539 0.15384615384615385
2 0.037259615384615384 0.5432692307692307 0.07451923076923077 0.1346153846153846
2 0.2764423076923077 0.13341346153846154 0.055288461538461536 0.09134615384615384
2 0.31009615384615385 0.2848557692307692 0.07692307692307693 0.16346153846153846
2 0.7896634615384616 0.3004807692307692 0.08413461538461539 0.16105769230769232
2 0.4675480769230769 0.7391826923076923 0.0889423076923077 0.15865384615384615
2 0.7776442307692307 0.7079326923076923 0.08173076923076923 0.19230769230769232
2 0.7548076923076923 0.5408653846153846 0.0625 0.1658653846153846