1 0.546875 0.49158653846153844 0.040865384615384616 0.06971153846153846
1 0.4326923076923077 0.5444711538461539 0.04326923076923077 0.07451923076923077
1 0.32572115384615385 0.47716346153846156 0.04807692307692308 0.07211538461538461
1 0.10576923076923077 0.43028846153846156 0.04326923076923077 0.07692307692307693
1 0.34134615384615385 0.7980769230769231 0.052884615384615384 0.07692307692307693
1 0.6766826923076923 0.8064903846153846 0.04567307692307692 0.08413461538461539
1 0.9230769230769231 0.7872596153846154 0.04807692307692308 0.06490384615384616
1 0.7920673076923077 0.5769230769230769 0.036057692307692304 0.06009615384615385
1 0.7848557692307693 0.39663461538461536 0.038461538461538464 0.07932692307692307
1 0.8978365384615384 0.5384615384615384 0.036057692307692304 0.06009615384615385
1 0.36538461538461536 0.33413461538461536 0.040865384615384616 0.04807692307692308
1 0.2668269230769231 0.27403846153846156 0.036057692307692304 0.055288461538461536
1 0.055288461538461536 0.30288461538461536 0.038461538461538464 0.06009615384615385
1 0.109375 0.2403846153846154 0.04326923076923077 0.057692307692307696
1 0.18990384615384615 0.12620192307692307 0.03365384615384615 0.052884615384615384
1 0.6646634615384616 0.26322115384615385 0.036057692307692304 0.06490384615384616
1 0.33533653846153844 0.20072115384615385 0.036057692307692304 0.06009615384615385
1 0.6021634615384616 0.2091346153846154 0.036057692307692304 0.055288461538461536
1 0.21033653846153846 0.8365384615384616 0.052884615384615384 0.06971153846153846
1 0.09014423076923077 0.7439903846153846 0.04807692307692308 0.0673076923076923
1 0.16706730769230768 0.5384615384615384 0.057692307692307696 0.0889423076923077