1 0.546875 0.49158653846153844 0.04326923076923077 0.07211538461538461
1 0.43149038461538464 0.5432692307692307 0.04326923076923077 0.07451923076923077
1 0.3269230769230769 0.47475961538461536 0.05048076923076923 0.07211538461538461
1 0.10697115384615384 0.4230769230769231 0.04326923076923077 0.07932692307692307
1 0.33653846153846156 0.7944711538461539 0.052884615384615384 0.07932692307692307
1 0.671875 0.8088942307692307 0.04567307692307692 0.08413461538461539
1 0.9170673076923077 0.7944711538461539 0.04807692307692308 0.06490384615384616
1 0.7908653846153846 0.5817307692307693 0.036057692307692304 0.06009615384615385
1 0.7872596153846154 0.4014423076923077 0.038461538461538464 0.07932692307692307
1 0.8966346153846154 0.5444711538461539 0.038461538461538464 0.0625
1 0.36778846153846156 0.3317307692307692 0.040865384615384616 0.04807692307692308
1 0.27163461538461536 0.2704326923076923 0.036057692307692304 0.055288461538461536
1 0.05889423076923077 0.29447115384615385 0.040865384615384616 0.06009615384615385
1 0.1141826923076923 0.23317307692307693 0.04326923076923077 0.057692307692307696
1 0.19591346153846154 0.12139423076923077 0.036057692307692304 0.052884615384615384
1 0.6682692307692307 0.2668269230769231 0.038461538461538464 0.06490384615384616
1 0.34134615384615385 0.19831730769230768 0.038461538461538464 0.06009615384615385
1 0.6069711538461539 0.21033653846153846 0.036057692307692304 0.057692307692307696
1 0.20432692307692307 0.8305288461538461 0.052884615384615384 0.06971153846153846
1 0.08533653846153846 0.7367788461538461 0.05048076923076923 0.06971153846153846
1 0.1658653846153846 0.5336538461538461 0.06009615384615385 0.0889423076923077