1 0.540625 0.47578125 0.0484375 0.0734375
1 0.45390625 0.565625 0.0515625 0.0765625
1 0.32890625 0.54140625 0.05625 0.075
1 0.10546875 0.57578125 0.05 0.08125
1 0.4578125 0.83515625 0.0609375 0.08125
1 0.775 0.721875 0.0546875 0.0859375
1 0.984375 0.61640625 0.028125 0.0703125
1 0.8 0.4671875 0.0421875 0.0609375
1 0.72890625 0.3015625 0.046875 0.08125
1 0.88359375 0.39296875 0.0421875 0.0625
1 0.3140625 0.39453125 0.0453125 0.053125
1 0.20234375 0.371875 0.040625 0.0578125
1 0.01953125 0.47578125 0.0390625 0.0640625
1 0.0421875 0.39765625 0.0484375 0.0625
1 0.0765625 0.2625 0.0390625 0.0546875
1 0.56875 0.21953125 0.04375 0.0671875
1 0.2390625 0.2796875 0.0421875 0.0625
1 0.49140625 0.1921875 0.0421875 0.0578125
1 0.35078125 0.9171875 0.059375 0.0734375
1 0.20546875 0.87421875 0.05625 0.071875
1 0.20234375 0.65625 0.065625 0.0921875