1 0.54609375 0.48828125 0.0375 0.06875
1 0.43671875 0.54921875 0.0390625 0.071875
1 0.32421875 0.48984375 0.0453125 0.06875
1 0.10078125 0.45703125 0.0375 0.0765625
1 0.36171875 0.8078125 0.046875 0.075
1 0.6984375 0.79296875 0.040625 0.08125
1 0.9421875 0.75703125 0.04375 0.0625
1 0.796875 0.55625 0.03125 0.0578125
1 0.77734375 0.37734375 0.0328125 0.078125
1 0.8984375 0.51015625 0.0328125 0.059375
1 0.353125 0.34453125 0.0375 0.046875
1 0.253125 0.290625 0.03125 0.053125
1 0.04296875 0.334375 0.0359375 0.0578125
1 0.0921875 0.26796875 0.0390625 0.05625
1 0.16484375 0.14921875 0.03125 0.05
1 0.64765625 0.2515625 0.0328125 0.0625
1 0.31484375 0.21328125 0.0328125 0.0578125
1 0.58203125 0.203125 0.0328125 0.053125
1 0.23515625 0.85546875 0.0484375 0.065625
1 0.10859375 0.77109375 0.0453125 0.065625
1 0.16953125 0.5625 0.0515625 0.0859375