1 0.546875 0.49038461538461536 0.040865384615384616 0.06971153846153846
1 0.4338942307692308 0.5456730769230769 0.040865384615384616 0.07211538461538461
1 0.32572115384615385 0.4807692307692308 0.04807692307692308 0.07211538461538461
1 0.1045673076923077 0.4362980769230769 0.040865384615384616 0.07692307692307693
1 0.34615384615384615 0.8004807692307693 0.05048076923076923 0.07692307692307693
1 0.6814903846153846 0.8028846153846154 0.04326923076923077 0.08173076923076923
1 0.9278846153846154 0.7788461538461539 0.04807692307692308 0.06490384615384616
1 0.7932692307692307 0.5721153846153846 0.03365384615384615 0.06009615384615385
1 0.7836538461538461 0.3918269230769231 0.036057692307692304 0.07932692307692307
1 0.8978365384615384 0.53125 0.036057692307692304 0.06009615384615385
1 0.3629807692307692 0.33653846153846156 0.040865384615384616 0.04807692307692308
1 0.26322115384615385 0.2776442307692308 0.03365384615384615 0.055288461538461536
1 0.051682692307692304 0.31009615384615385 0.038461538461538464 0.06009615384615385
1 0.1045673076923077 0.24639423076923078 0.040865384615384616 0.057692307692307696
1 0.18389423076923078 0.13221153846153846 0.03365384615384615 0.052884615384615384
1 0.6610576923076923 0.2608173076923077 0.036057692307692304 0.06490384615384616
1 0.33052884615384615 0.20432692307692307 0.036057692307692304 0.06009615384615385
1 0.5973557692307693 0.20673076923076922 0.036057692307692304 0.055288461538461536
1 0.21634615384615385 0.8413461538461539 0.05048076923076923 0.0673076923076923
1 0.09375 0.7512019230769231 0.04807692307692308 0.0673076923076923
1 0.16826923076923078 0.5444711538461539 0.055288461538461536 0.08653846153846154