1 0.546875 0.49140625 0.0421875 0.0703125
1 0.4328125 0.54453125 0.04375 0.0734375
1 0.32578125 0.478125 0.05 0.071875
1 0.1046875 0.4296875 0.0421875 0.078125
1 0.340625 0.79765625 0.053125 0.078125
1 0.67734375 0.80625 0.0453125 0.0828125
1 0.92265625 0.7875 0.0484375 0.0640625
1 0.7921875 0.5765625 0.0359375 0.059375
1 0.78515625 0.396875 0.0375 0.0796875
1 0.896875 0.5375 0.0359375 0.0609375
1 0.36484375 0.334375 0.040625 0.05
1 0.26796875 0.27421875 0.034375 0.05625
1 0.05546875 0.303125 0.0390625 0.059375
1 0.109375 0.240625 0.0421875 0.059375
1 0.18984375 0.1265625 0.034375 0.0515625
1 0.66484375 0.2625 0.0359375 0.0640625
1 0.33515625 0.20078125 0.0359375 0.059375
1 0.60234375 0.209375 0.0359375 0.05625
1 0.2109375 0.8359375 0.053125 0.06875
1 0.090625 0.74296875 0.0484375 0.06875
1 0.16640625 0.5390625 0.0578125 0.0875