0 0.3798076923076923 0.22355769230769232 0.09375 0.20673076923076922
0 0.021634615384615384 0.3473557692307692 0.04326923076923077 0.14182692307692307
2 0.6310096153846154 0.4266826923076923 0.07211538461538461 0.15865384615384615
2 0.7079326923076923 0.3233173076923077 0.040865384615384616 0.0889423076923077
2 0.7716346153846154 0.2920673076923077 0.04567307692307692 0.10336538461538461
2 0.9423076923076923 0.203125 0.08653846153846154 0.18269230769230768
2 0.11899038461538461 0.3125 0.03125 0.04567307692307692
2 0.8461538461538461 0.3233173076923077 0.026442307692307692 0.06009615384615385
2 0.8822115384615384 0.2824519230769231 0.019230769230769232 0.04807692307692308
2 0.4206730769230769 0.3269230769230769 0.014423076923076924 0.03125
2 0.057692307692307696 0.7235576923076923 0.06009615384615385 0.1201923076923077
2 0.44591346153846156 0.578125 0.03125 0.0889423076923077