0 0.40384615384615385 0.21514423076923078 0.0985576923076923 0.2091346153846154
0 0.03365384615384615 0.30408653846153844 0.05048076923076923 0.13942307692307693
2 0.6370192307692307 0.4387019230769231 0.07451923076923077 0.15865384615384615
2 0.7223557692307693 0.3425480769230769 0.040865384615384616 0.0889423076923077
2 0.7884615384615384 0.3161057692307692 0.04807692307692308 0.10336538461538461
2 0.9591346153846154 0.24278846153846154 0.07692307692307693 0.1875
2 0.13701923076923078 0.2800480769230769 0.03125 0.04567307692307692
2 0.8605769230769231 0.3545673076923077 0.026442307692307692 0.06009615384615385
2 0.8990384615384616 0.3161057692307692 0.019230769230769232 0.04807692307692308
2 0.4362980769230769 0.32091346153846156 0.016826923076923076 0.03125
2 0.039663461538461536 0.6838942307692307 0.0625 0.12259615384615384
2 0.43990384615384615 0.5721153846153846 0.03365384615384615 0.09134615384615384