0 0.43509615384615385 0.20552884615384615 0.11778846153846154 0.21634615384615385
0 0.056490384615384616 0.25721153846153844 0.06490384615384616 0.14423076923076922
2 0.6430288461538461 0.453125 0.0889423076923077 0.1658653846153846
2 0.7379807692307693 0.36658653846153844 0.05048076923076923 0.09134615384615384
2 0.8064903846153846 0.3473557692307692 0.057692307692307696 0.10576923076923077
2 0.9675480769230769 0.2932692307692308 0.06009615384615385 0.19230769230769232
2 0.1622596153846154 0.24278846153846154 0.036057692307692304 0.04807692307692308
2 0.8737980769230769 0.39302884615384615 0.03365384615384615 0.0625
2 0.9170673076923077 0.359375 0.02403846153846154 0.04807692307692308
2 0.45552884615384615 0.31490384615384615 0.019230769230769232 0.03365384615384615
2 0.03125 0.6346153846153846 0.0625 0.12980769230769232
2 0.4326923076923077 0.5661057692307693 0.04326923076923077 0.09134615384615384