1 0.09254807692307693 0.35096153846153844 0.13942307692307693 0.1778846153846154
1 0.3701923076923077 0.359375 0.11538461538461539 0.1778846153846154
1 0.515625 0.25600961538461536 0.08653846153846154 0.1466346153846154
1 0.6394230769230769 0.44471153846153844 0.0889423076923077 0.13942307692307693
1 0.7896634615384616 0.4375 0.08653846153846154 0.13701923076923078
1 0.24759615384615385 0.21995192307692307 0.07692307692307693 0.1346153846153846
1 0.9206730769230769 0.39663461538461536 0.07932692307692307 0.1346153846153846
1 0.6213942307692307 0.26802884615384615 0.06971153846153846 0.10336538461538461
1 0.8377403846153846 0.2704326923076923 0.07692307692307693 0.11298076923076923
1 0.1814903846153846 0.38461538461538464 0.09375 0.1875
2 0.7355769230769231 0.19831730769230768 0.052884615384615384 0.07692307692307693