1 0.08533653846153846 0.37259615384615385 0.13221153846153846 0.17307692307692307
1 0.3629807692307692 0.36538461538461536 0.10817307692307693 0.17548076923076922
1 0.5024038461538461 0.2548076923076923 0.08173076923076923 0.14423076923076922
1 0.6370192307692307 0.4375 0.08173076923076923 0.13942307692307693
1 0.7860576923076923 0.421875 0.08173076923076923 0.13701923076923078
1 0.23317307692307693 0.23317307692307693 0.06971153846153846 0.1346153846153846
1 0.9146634615384616 0.3737980769230769 0.07451923076923077 0.1346153846153846
1 0.609375 0.2620192307692308 0.06490384615384616 0.10096153846153846
1 0.8257211538461539 0.2536057692307692 0.07211538461538461 0.11057692307692307
1 0.17548076923076922 0.4014423076923077 0.08413461538461539 0.1875
2 0.71875 0.18629807692307693 0.04807692307692308 0.07451923076923077