1 0.07451923076923077 0.41586538461538464 0.11778846153846154 0.16346153846153846
1 0.34975961538461536 0.38100961538461536 0.09375 0.16826923076923078
1 0.47716346153846156 0.25600961538461536 0.0673076923076923 0.14182692307692307
1 0.6298076923076923 0.4230769230769231 0.06971153846153846 0.1346153846153846
1 0.7764423076923077 0.39302884615384615 0.06971153846153846 0.13221153846153846
1 0.20673076923076922 0.26322115384615385 0.057692307692307696 0.12980769230769232
1 0.9002403846153846 0.3317307692307692 0.0625 0.12980769230769232
1 0.5841346153846154 0.2512019230769231 0.055288461538461536 0.09615384615384616
1 0.7980769230769231 0.22115384615384615 0.0625 0.10576923076923077
1 0.16706730769230768 0.4362980769230769 0.0673076923076923 0.18269230769230768
2 0.6850961538461539 0.16466346153846154 0.040865384615384616 0.07211538461538461