1 0.19110576923076922 0.25600961538461536 0.07692307692307693 0.11298076923076923
1 0.859375 0.1935096153846154 0.07451923076923077 0.10576923076923077
2 0.765625 0.18028846153846154 0.06971153846153846 0.08413461538461539
1 0.7007211538461539 0.2283653846153846 0.06009615384615385 0.0889423076923077
1 0.5961538461538461 0.2644230769230769 0.057692307692307696 0.0673076923076923
0 0.44711538461538464 0.2403846153846154 0.04807692307692308 0.06971153846153846
2 0.3737980769230769 0.2403846153846154 0.038461538461538464 0.057692307692307696
2 0.4098557692307692 0.30528846153846156 0.04807692307692308 0.06490384615384616
1 0.3389423076923077 0.26322115384615385 0.04326923076923077 0.057692307692307696
1 0.5492788461538461 0.19951923076923078 0.03125 0.055288461538461536
2 0.2920673076923077 0.3233173076923077 0.04326923076923077 0.052884615384615384