1 0.28125 0.17307692307692307 0.06490384615384616 0.11057692307692307
1 0.9362980769230769 0.31971153846153844 0.06490384615384616 0.10096153846153846
2 0.8509615384615384 0.2776442307692308 0.0625 0.07932692307692307
1 0.7740384615384616 0.30408653846153844 0.052884615384615384 0.08653846153846154
1 0.6646634615384616 0.30528846153846156 0.052884615384615384 0.0625
0 0.5300480769230769 0.23677884615384615 0.04326923076923077 0.0673076923076923
2 0.46033653846153844 0.21394230769230768 0.03365384615384615 0.055288461538461536
2 0.4735576923076923 0.28725961538461536 0.04326923076923077 0.06009615384615385
1 0.4206730769230769 0.2247596153846154 0.038461538461538464 0.055288461538461536
1 0.6394230769230769 0.22956730769230768 0.026442307692307692 0.055288461538461536
2 0.35697115384615385 0.2668269230769231 0.038461538461538464 0.05048076923076923