2 0.13221153846153846 0.23798076923076922 0.1346153846153846 0.23317307692307693
2 0.3786057692307692 0.2548076923076923 0.11298076923076923 0.2091346153846154
2 0.46634615384615385 0.28966346153846156 0.12259615384615384 0.21875
2 0.7992788461538461 0.24759615384615385 0.13942307692307693 0.21875
2 0.921875 0.3605769230769231 0.125 0.18990384615384615
2 0.06370192307692307 0.6310096153846154 0.12740384615384615 0.2091346153846154
2 0.22355769230769232 0.578125 0.14182692307692307 0.19230769230769232
2 0.30408653846153844 0.7271634615384616 0.13221153846153846 0.15384615384615385
2 0.5180288461538461 0.6225961538461539 0.12740384615384615 0.24278846153846154
2 0.8173076923076923 0.7235576923076923 0.1201923076923077 0.20432692307692307
2 0.8725961538461539 0.9182692307692307 0.1346153846153846 0.15865384615384615