2 0.07211538461538461 0.35697115384615385 0.12259615384615384 0.23076923076923078
2 0.3125 0.3016826923076923 0.10336538461538461 0.20673076923076922
2 0.40625 0.3088942307692308 0.11298076923076923 0.21634615384615385
2 0.7127403846153846 0.17067307692307693 0.12980769230769232 0.21634615384615385
2 0.8629807692307693 0.2439903846153846 0.11778846153846154 0.18509615384615385
2 0.1141826923076923 0.7536057692307693 0.12740384615384615 0.20192307692307693
2 0.25841346153846156 0.6550480769230769 0.1346153846153846 0.1875
2 0.3786057692307692 0.7740384615384616 0.125 0.14903846153846154
2 0.5540865384615384 0.6117788461538461 0.11538461538461539 0.2403846153846154
2 0.8689903846153846 0.6201923076923077 0.11057692307692307 0.19951923076923078
2 0.9603365384615384 0.8149038461538461 0.07451923076923077 0.20192307692307693