1 0.21875 0.23798076923076922 0.04326923076923077 0.07451923076923077
1 0.1201923076923077 0.24278846153846154 0.040865384615384616 0.0673076923076923
1 0.4387019230769231 0.32091346153846156 0.03365384615384615 0.04807692307692308
1 0.6117788461538461 0.40024038461538464 0.040865384615384616 0.0625
1 0.6694711538461539 0.3762019230769231 0.026442307692307692 0.055288461538461536
1 0.953125 0.44471153846153844 0.038461538461538464 0.07211538461538461
1 0.29447115384615385 0.3713942307692308 0.03365384615384615 0.040865384615384616
1 0.33413461538461536 0.3401442307692308 0.021634615384615384 0.04326923076923077
1 0.15264423076923078 0.28966346153846156 0.038461538461538464 0.06971153846153846
1 0.484375 0.40384615384615385 0.02403846153846154 0.038461538461538464
1 0.8497596153846154 0.4723557692307692 0.019230769230769232 0.03125