1 0.16346153846153846 0.3137019230769231 0.026442307692307692 0.06971153846153846
1 0.06971153846153846 0.3425480769230769 0.028846153846153848 0.0625
1 0.39783653846153844 0.34134615384615385 0.02403846153846154 0.04326923076923077
1 0.5841346153846154 0.3762019230769231 0.026442307692307692 0.057692307692307696
1 0.6346153846153846 0.3389423076923077 0.014423076923076924 0.052884615384615384
1 0.9266826923076923 0.33653846153846156 0.02403846153846154 0.0673076923076923
1 0.2692307692307692 0.4254807692307692 0.02403846153846154 0.036057692307692304
1 0.3004807692307692 0.38461538461538464 0.01201923076923077 0.04326923076923077
1 0.11177884615384616 0.3798076923076923 0.021634615384615384 0.0673076923076923
1 0.46153846153846156 0.4110576923076923 0.016826923076923076 0.036057692307692304
1 0.8329326923076923 0.38822115384615385 0.01201923076923077 0.028846153846153848