1 0.12860576923076922 0.40024038461538464 0.04326923076923077 0.07451923076923077
1 0.04447115384615385 0.45072115384615385 0.040865384615384616 0.0673076923076923
1 0.3629807692307692 0.3701923076923077 0.03365384615384615 0.04807692307692308
1 0.5516826923076923 0.359375 0.040865384615384616 0.0625
1 0.5913461538461539 0.3112980769230769 0.026442307692307692 0.055288461538461536
1 0.875 0.23798076923076922 0.038461538461538464 0.07211538461538461
1 0.25841346153846156 0.4831730769230769 0.03365384615384615 0.040865384615384616
1 0.27884615384615385 0.4362980769230769 0.021634615384615384 0.04326923076923077
1 0.09375 0.47716346153846156 0.038461538461538464 0.06971153846153846
1 0.4411057692307692 0.4230769230769231 0.02403846153846154 0.038461538461538464
1 0.7956730769230769 0.3112980769230769 0.019230769230769232 0.03125