2 0.0875 0.5796875 0.090625 0.16875
2 0.4 0.55390625 0.0859375 0.1625
2 0.56484375 0.6765625 0.08125 0.14375
2 0.25859375 0.46796875 0.0703125 0.125
2 0.43515625 0.42265625 0.0671875 0.1265625
2 0.33125 0.42578125 0.071875 0.1328125
2 0.14375 0.5109375 0.075 0.125
2 0.19375 0.35546875 0.06875 0.11875
2 0.2796875 0.2875 0.06875 0.11875
2 0.38515625 0.29453125 0.0640625 0.1140625
2 0.28671875 0.21328125 0.06875 0.10625
2 0.3984375 0.18515625 0.0609375 0.125
2 0.46171875 0.30390625 0.075 0.1328125
2 0.53671875 0.321875 0.084375 0.140625
2 0.54296875 0.203125 0.0734375 0.1359375
2 0.6234375 0.49765625 0.075 0.13125
2 0.64296875 0.30390625 0.0796875 0.1484375
2 0.7328125 0.3140625 0.078125 0.1375
2 0.7859375 0.265625 0.084375 0.1359375