2 0.0829326923076923 0.4567307692307692 0.07211538461538461 0.16346153846153846
2 0.38822115384615385 0.5228365384615384 0.0673076923076923 0.15865384615384615
2 0.5096153846153846 0.6875 0.06490384615384616 0.13942307692307693
2 0.27884615384615385 0.39903846153846156 0.057692307692307696 0.1201923076923077
2 0.46033653846153844 0.4074519230769231 0.052884615384615384 0.12259615384615384
2 0.3605769230769231 0.3798076923076923 0.057692307692307696 0.12980769230769232
2 0.15625 0.4074519230769231 0.0625 0.1201923076923077
2 0.25 0.27283653846153844 0.055288461538461536 0.11298076923076923
2 0.35216346153846156 0.23197115384615385 0.055288461538461536 0.11298076923076923
2 0.45072115384615385 0.2704326923076923 0.052884615384615384 0.11057692307692307
2 0.3798076923076923 0.16346153846153846 0.057692307692307696 0.10336538461538461
2 0.4951923076923077 0.16947115384615385 0.04807692307692308 0.12259615384615384
2 0.5204326923076923 0.3016826923076923 0.06009615384615385 0.12980769230769232
2 0.5865384615384616 0.34134615384615385 0.06971153846153846 0.13701923076923078
2 0.6274038461538461 0.2283653846153846 0.06009615384615385 0.1346153846153846
2 0.6177884615384616 0.5336538461538461 0.06009615384615385 0.12740384615384615
2 0.6935096153846154 0.3557692307692308 0.0625 0.1466346153846154
2 0.7764423076923077 0.390625 0.06490384615384616 0.1346153846153846
2 0.8413461538461539 0.359375 0.06971153846153846 0.12980769230769232