2 0.08413461538461539 0.4423076923076923 0.07692307692307693 0.1658653846153846
2 0.3870192307692308 0.5192307692307693 0.07451923076923077 0.15865384615384615
2 0.5036057692307693 0.6887019230769231 0.06971153846153846 0.14182692307692307
2 0.2824519230769231 0.390625 0.0625 0.12259615384615384
2 0.46274038461538464 0.40625 0.057692307692307696 0.125
2 0.36538461538461536 0.375 0.06009615384615385 0.12980769230769232
2 0.15985576923076922 0.3954326923076923 0.0673076923076923 0.12259615384615384
2 0.25721153846153844 0.2644230769230769 0.057692307692307696 0.11538461538461539
2 0.36177884615384615 0.22716346153846154 0.057692307692307696 0.11538461538461539
2 0.4579326923076923 0.26802884615384615 0.055288461538461536 0.11298076923076923
2 0.3918269230769231 0.15985576923076922 0.06009615384615385 0.10336538461538461
2 0.5072115384615384 0.16947115384615385 0.05048076923076923 0.125
2 0.5276442307692307 0.30288461538461536 0.06490384615384616 0.13221153846153846
2 0.5913461538461539 0.34375 0.07451923076923077 0.13942307692307693
2 0.6370192307692307 0.23317307692307693 0.0625 0.1346153846153846
2 0.6165865384615384 0.5372596153846154 0.06490384615384616 0.12740384615384615
2 0.6983173076923077 0.36177884615384615 0.0673076923076923 0.1466346153846154
2 0.7800480769230769 0.40024038461538464 0.0673076923076923 0.1346153846153846
2 0.8461538461538461 0.3713942307692308 0.07451923076923077 0.13221153846153846