2 0.08052884615384616 0.49278846153846156 0.057692307692307696 0.15865384615384615
2 0.390625 0.5324519230769231 0.055288461538461536 0.15384615384615385
2 0.5264423076923077 0.6862980769230769 0.052884615384615384 0.1346153846153846
2 0.2704326923076923 0.4182692307692308 0.04807692307692308 0.11538461538461539
2 0.4519230769230769 0.4110576923076923 0.04326923076923077 0.1201923076923077
2 0.35096153846153844 0.3918269230769231 0.04567307692307692 0.125
2 0.14903846153846154 0.4375 0.052884615384615384 0.11538461538461539
2 0.23076923076923078 0.2956730769230769 0.04567307692307692 0.11057692307692307
2 0.3293269230769231 0.24639423076923078 0.04567307692307692 0.11057692307692307
2 0.43028846153846156 0.27524038461538464 0.04326923076923077 0.10817307692307693
2 0.35096153846153844 0.17548076923076922 0.04807692307692308 0.0985576923076923
2 0.46634615384615385 0.17067307692307693 0.038461538461538464 0.1201923076923077
2 0.5036057692307693 0.3004807692307692 0.04807692307692308 0.125
2 0.5721153846153846 0.33413461538461536 0.057692307692307696 0.13221153846153846
2 0.6033653846153846 0.21875 0.04807692307692308 0.12980769230769232
2 0.6201923076923077 0.5228365384615384 0.05048076923076923 0.12259615384615384
2 0.6802884615384616 0.3389423076923077 0.05048076923076923 0.14182692307692307
2 0.765625 0.36658653846153844 0.052884615384615384 0.12980769230769232
2 0.828125 0.33052884615384615 0.06009615384615385 0.125