2 0.09375 0.390625 0.0953125 0.1703125
2 0.3859375 0.5046875 0.090625 0.1625
2 0.48046875 0.68671875 0.084375 0.14375
2 0.296875 0.365625 0.075 0.125
2 0.475 0.40234375 0.0703125 0.1265625
2 0.38125 0.359375 0.075 0.1328125
2 0.175 0.35390625 0.0796875 0.1265625
2 0.28828125 0.2359375 0.071875 0.11875
2 0.3953125 0.2125 0.071875 0.11875
2 0.48671875 0.26484375 0.0671875 0.115625
2 0.43359375 0.1484375 0.071875 0.1078125
2 0.546875 0.17265625 0.0640625 0.125
2 0.5515625 0.30703125 0.078125 0.134375
2 0.6109375 0.35625 0.0890625 0.1421875
2 0.66875 0.25234375 0.078125 0.1359375
2 0.61171875 0.55234375 0.0796875 0.1328125
2 0.7140625 0.38671875 0.0828125 0.15
2 0.790625 0.43515625 0.08125 0.1375
2 0.859375 0.41484375 0.0890625 0.1359375