1 0.40384615384615385 0.5240384615384616 0.0673076923076923 0.10576923076923077
1 0.46634615384615385 0.47836538461538464 0.028846153846153848 0.06971153846153846
1 0.5204326923076923 0.4651442307692308 0.038461538461538464 0.07692307692307693
1 0.5444711538461539 0.5865384615384616 0.0673076923076923 0.11538461538461539
1 0.6418269230769231 0.4543269230769231 0.05048076923076923 0.08413461538461539
1 0.7331730769230769 0.5216346153846154 0.05048076923076923 0.08413461538461539
1 0.7139423076923077 0.625 0.06009615384615385 0.10336538461538461
1 0.9663461538461539 0.5108173076923077 0.0625 0.17067307692307693
1 0.08052884615384616 0.42908653846153844 0.11538461538461539 0.1658653846153846
1 0.27403846153846156 0.4026442307692308 0.03125 0.055288461538461536
1 0.33653846153846156 0.3473557692307692 0.028846153846153848 0.06009615384615385
1 0.3858173076923077 0.3449519230769231 0.026442307692307692 0.04326923076923077
1 0.39663461538461536 0.4182692307692308 0.04326923076923077 0.06009615384615385
1 0.3389423076923077 0.47475961538461536 0.04567307692307692 0.05048076923076923
1 0.21754807692307693 0.390625 0.038461538461538464 0.07692307692307693
1 0.6947115384615384 0.4338942307692308 0.026442307692307692 0.04807692307692308
1 0.7836538461538461 0.5612980769230769 0.055288461538461536 0.0889423076923077
1 0.5709134615384616 0.4387019230769231 0.038461538461538464 0.055288461538461536
1 0.6213942307692307 0.359375 0.03125 0.055288461538461536