1 0.415625 0.5546875 0.0765625 0.109375
1 0.4609375 0.48984375 0.0375 0.071875
1 0.50859375 0.46015625 0.046875 0.078125
1 0.5703125 0.5671875 0.0796875 0.1203125
1 0.61875 0.4109375 0.0578125 0.0859375
1 0.72734375 0.4453125 0.0578125 0.0859375
1 0.74375 0.5484375 0.0703125 0.1078125
1 0.9484375 0.35546875 0.0890625 0.1703125
1 0.08046875 0.56953125 0.13125 0.1765625
1 0.25625 0.48125 0.0375 0.05625
1 0.2953125 0.409375 0.034375 0.0609375
1 0.340625 0.390625 0.03125 0.046875
1 0.37578125 0.45546875 0.05 0.0640625
1 0.33984375 0.52890625 0.0515625 0.05625
1 0.19765625 0.4890625 0.046875 0.078125
1 0.6625 0.3734375 0.0328125 0.0515625
1 0.7890625 0.465625 0.0625 0.0921875
1 0.546875 0.41875 0.04375 0.0578125
1 0.56875 0.328125 0.0375 0.05625