1 0.403125 0.52578125 0.0640625 0.1046875
1 0.465625 0.478125 0.028125 0.0703125
1 0.5203125 0.46484375 0.0375 0.0765625
1 0.54609375 0.5859375 0.065625 0.1140625
1 0.640625 0.4515625 0.0484375 0.0828125
1 0.7328125 0.51796875 0.0484375 0.0828125
1 0.71640625 0.621875 0.0578125 0.1046875
1 0.96796875 0.5015625 0.0609375 0.16875
1 0.0796875 0.43671875 0.1125 0.165625
1 0.2734375 0.40625 0.03125 0.0546875
1 0.33359375 0.35078125 0.028125 0.059375
1 0.38203125 0.346875 0.0265625 0.04375
1 0.3953125 0.41953125 0.0421875 0.0609375
1 0.3390625 0.478125 0.0453125 0.0515625
1 0.215625 0.39609375 0.0375 0.0765625
1 0.69375 0.4296875 0.0265625 0.05
1 0.78515625 0.55625 0.053125 0.0875
1 0.56953125 0.43671875 0.0375 0.0546875
1 0.61796875 0.3578125 0.03125 0.0546875