1 0.40078125 0.5171875 0.0734375 0.1078125
1 0.46796875 0.475 0.034375 0.071875
1 0.5234375 0.4671875 0.0421875 0.078125
1 0.53828125 0.5890625 0.075 0.11875
1 0.64453125 0.4640625 0.0546875 0.084375
1 0.73046875 0.53828125 0.0546875 0.084375
1 0.70546875 0.63984375 0.065625 0.10625
1 0.96328125 0.5421875 0.0703125 0.171875
1 0.08671875 0.4 0.125 0.171875
1 0.2828125 0.3875 0.0359375 0.05625
1 0.346875 0.33671875 0.0328125 0.0609375
1 0.39609375 0.3375 0.0296875 0.0453125
1 0.403125 0.4109375 0.046875 0.0640625
1 0.34140625 0.4640625 0.0484375 0.0546875
1 0.22578125 0.371875 0.0421875 0.078125
1 0.69921875 0.446875 0.03125 0.0515625
1 0.77890625 0.58125 0.059375 0.090625
1 0.575 0.44375 0.0421875 0.0578125
1 0.63046875 0.36796875 0.0359375 0.05625