1 0.4170673076923077 0.5552884615384616 0.07932692307692307 0.11057692307692307
1 0.46033653846153844 0.49158653846153844 0.038461538461538464 0.07211538461538461
1 0.5072115384615384 0.46033653846153844 0.04807692307692308 0.07932692307692307
1 0.5709134615384616 0.5661057692307693 0.08173076923076923 0.1201923076923077
1 0.6177884615384616 0.40865384615384615 0.06009615384615385 0.08653846153846154
1 0.7271634615384616 0.4411057692307692 0.06009615384615385 0.08653846153846154
1 0.7439903846153846 0.5444711538461539 0.07211538461538461 0.10817307692307693
1 0.9459134615384616 0.3473557692307692 0.09134615384615384 0.17067307692307693
1 0.08173076923076923 0.5769230769230769 0.1346153846153846 0.17548076923076922
1 0.2548076923076923 0.4855769230769231 0.038461538461538464 0.057692307692307696
1 0.2932692307692308 0.41225961538461536 0.036057692307692304 0.0625
1 0.3401442307692308 0.3942307692307692 0.03125 0.04567307692307692
1 0.3737980769230769 0.4579326923076923 0.05048076923076923 0.06490384615384616
1 0.3401442307692308 0.53125 0.052884615384615384 0.055288461538461536
1 0.1971153846153846 0.49399038461538464 0.04807692307692308 0.07932692307692307
1 0.6598557692307693 0.3713942307692308 0.03365384615384615 0.05048076923076923
1 0.7872596153846154 0.46033653846153844 0.06490384615384616 0.09375
1 0.5456730769230769 0.4182692307692308 0.04567307692307692 0.06009615384615385
1 0.5661057692307693 0.32572115384615385 0.038461538461538464 0.057692307692307696