1 0.3870192307692308 0.49278846153846156 0.05048076923076923 0.09615384615384616
1 0.59375 0.48677884615384615 0.038461538461538464 0.08173076923076923
1 0.16826923076923078 0.38100961538461536 0.04807692307692308 0.07692307692307693
1 0.3112980769230769 0.25961538461538464 0.02403846153846154 0.07211538461538461
1 0.8641826923076923 0.44350961538461536 0.04567307692307692 0.07451923076923077
1 0.609375 0.2644230769230769 0.038461538461538464 0.06971153846153846
1 0.6911057692307693 0.27524038461538464 0.057692307692307696 0.07692307692307693
1 0.9423076923076923 0.2800480769230769 0.04567307692307692 0.0625
1 0.875 0.09375 0.04807692307692308 0.09615384615384616
1 0.07932692307692307 0.46274038461538464 0.04567307692307692 0.09134615384615384
1 0.4639423076923077 0.18509615384615385 0.04567307692307692 0.07692307692307693
1 0.6971153846153846 0.09254807692307693 0.04326923076923077 0.0625