1 0.39302884615384615 0.46274038461538464 0.06971153846153846 0.10576923076923077
1 0.59375 0.5108173076923077 0.055288461538461536 0.08653846153846154
1 0.21033653846153846 0.29927884615384615 0.0625 0.08653846153846154
1 0.38100961538461536 0.21875 0.038461538461538464 0.07451923076923077
1 0.8665865384615384 0.5396634615384616 0.06009615384615385 0.08173076923076923
1 0.6658653846153846 0.3016826923076923 0.052884615384615384 0.07692307692307693
1 0.7427884615384616 0.3329326923076923 0.07211538461538461 0.0889423076923077
1 0.9759615384615384 0.4014423076923077 0.04326923076923077 0.07211538461538461
1 0.9651442307692307 0.20432692307692307 0.06490384615384616 0.10576923076923077
1 0.10336538461538461 0.3557692307692308 0.06490384615384616 0.0985576923076923
1 0.546875 0.1875 0.0625 0.08653846153846154
1 0.7956730769230769 0.15745192307692307 0.057692307692307696 0.06971153846153846