1 0.390625 0.46875 0.06490384615384616 0.10336538461538461
1 0.59375 0.5060096153846154 0.052884615384615384 0.08653846153846154
1 0.20072115384615385 0.31490384615384615 0.06009615384615385 0.08413461538461539
1 0.36658653846153844 0.22596153846153846 0.036057692307692304 0.07451923076923077
1 0.8677884615384616 0.5204326923076923 0.057692307692307696 0.08173076923076923
1 0.6550480769230769 0.2932692307692308 0.05048076923076923 0.07451923076923077
1 0.7331730769230769 0.31971153846153844 0.06971153846153846 0.08653846153846154
1 0.9735576923076923 0.37740384615384615 0.04807692307692308 0.07211538461538461
1 0.9519230769230769 0.18028846153846154 0.0625 0.10096153846153846
1 0.09615384615384616 0.3762019230769231 0.06009615384615385 0.0985576923076923
1 0.5300480769230769 0.18509615384615385 0.057692307692307696 0.08413461538461539
1 0.7776442307692307 0.14302884615384615 0.055288461538461536 0.0673076923076923