1 0.16826923076923078 0.6201923076923077 0.10336538461538461 0.1778846153846154
1 0.3401442307692308 0.5072115384615384 0.06971153846153846 0.15865384615384615
1 0.5661057692307693 0.3954326923076923 0.0673076923076923 0.13701923076923078
1 0.41225961538461536 0.29927884615384615 0.055288461538461536 0.13221153846153846
1 0.2247596153846154 0.14423076923076922 0.040865384615384616 0.10817307692307693
1 0.25 0.09735576923076923 0.038461538461538464 0.08413461538461539
1 0.38341346153846156 0.027644230769230768 0.026442307692307692 0.04807692307692308
1 0.4411057692307692 0.05889423076923077 0.026442307692307692 0.052884615384615384
1 0.5348557692307693 0.23197115384615385 0.052884615384615384 0.1201923076923077
1 0.6454326923076923 0.22355769230769232 0.06009615384615385 0.1346153846153846
2 0.7367788461538461 0.11658653846153846 0.036057692307692304 0.06490384615384616
1 0.5396634615384616 0.06610576923076923 0.03365384615384615 0.07932692307692307
1 0.6466346153846154 0.09495192307692307 0.040865384615384616 0.08173076923076923
1 0.8016826923076923 0.13581730769230768 0.03365384615384615 0.0985576923076923
1 0.8377403846153846 0.03365384615384615 0.036057692307692304 0.0673076923076923
1 0.7271634615384616 0.027644230769230768 0.03125 0.04567307692307692
1 0.7728365384615384 0.028846153846153848 0.03125 0.057692307692307696
2 0.6899038461538461 0.1201923076923077 0.03125 0.0625
1 0.8882211538461539 0.04927884615384615 0.04807692307692308 0.06009615384615385