1 0.15703125 0.578125 0.1125 0.1828125
1 0.340625 0.48671875 0.0765625 0.1609375
1 0.57890625 0.4046875 0.0734375 0.1421875
1 0.4375 0.28984375 0.0609375 0.134375
1 0.26953125 0.1125 0.0453125 0.109375
1 0.3015625 0.0703125 0.0421875 0.0859375
1 0.44296875 0.021875 0.0328125 0.04375
1 0.4953125 0.0546875 0.028125 0.053125
1 0.5671875 0.2375 0.059375 0.121875
1 0.67890625 0.24296875 0.0671875 0.1359375
2 0.78125 0.14765625 0.040625 0.065625
1 0.59296875 0.0734375 0.0375 0.08125
1 0.6953125 0.115625 0.0453125 0.084375
1 0.84375 0.175 0.0390625 0.1
1 0.88984375 0.0734375 0.0359375 0.0734375
1 0.7828125 0.059375 0.03125 0.046875
1 0.8296875 0.06171875 0.03125 0.0625
2 0.734375 0.14609375 0.0328125 0.0625
1 0.940625 0.10078125 0.0515625 0.0609375