1 0.15384615384615385 0.5661057692307693 0.11778846153846154 0.18509615384615385
1 0.34134615384615385 0.48197115384615385 0.08173076923076923 0.16346153846153846
1 0.5817307692307693 0.4074519230769231 0.07932692307692307 0.14182692307692307
1 0.44471153846153844 0.28846153846153844 0.06490384615384616 0.13701923076923078
1 0.28365384615384615 0.10576923076923077 0.04807692307692308 0.11057692307692307
1 0.3161057692307692 0.06370192307692307 0.04567307692307692 0.08653846153846154
1 0.45913461538461536 0.021634615384615384 0.03365384615384615 0.04326923076923077
1 0.5108173076923077 0.055288461538461536 0.03125 0.055288461538461536
1 0.5769230769230769 0.2403846153846154 0.0625 0.125
1 0.6875 0.24879807692307693 0.07211538461538461 0.13701923076923078
2 0.7932692307692307 0.15865384615384615 0.04326923076923077 0.0673076923076923
1 0.6081730769230769 0.07692307692307693 0.038461538461538464 0.08173076923076923
1 0.7091346153846154 0.12259615384615384 0.04807692307692308 0.08413461538461539
1 0.8545673076923077 0.1875 0.040865384615384616 0.10096153846153846
1 0.9050480769230769 0.0889423076923077 0.038461538461538464 0.07451923076923077
1 0.7992788461538461 0.06971153846153846 0.03365384615384615 0.04807692307692308
1 0.84375 0.0733173076923077 0.03365384615384615 0.06490384615384616
2 0.7475961538461539 0.15504807692307693 0.036057692307692304 0.06490384615384616
1 0.9543269230769231 0.11658653846153846 0.052884615384615384 0.0625