1 0.15264423076923078 0.5600961538461539 0.1201923076923077 0.1875
1 0.34134615384615385 0.47836538461538464 0.08413461538461539 0.16346153846153846
1 0.5829326923076923 0.40865384615384615 0.08173076923076923 0.14423076923076922
1 0.4483173076923077 0.28725961538461536 0.0673076923076923 0.13701923076923078
1 0.28966346153846156 0.10096153846153846 0.05048076923076923 0.11057692307692307
1 0.3245192307692308 0.06009615384615385 0.04567307692307692 0.08653846153846154
1 0.46875 0.020432692307692308 0.03365384615384615 0.040865384615384616
1 0.5192307692307693 0.056490384615384616 0.03125 0.055288461538461536
1 0.5817307692307693 0.24158653846153846 0.06490384615384616 0.125
1 0.6911057692307693 0.25240384615384615 0.07211538461538461 0.13942307692307693
2 0.7992788461538461 0.16346153846153846 0.04326923076923077 0.0673076923076923
1 0.6153846153846154 0.07932692307692307 0.040865384615384616 0.08173076923076923
1 0.7151442307692307 0.12620192307692307 0.05048076923076923 0.08413461538461539
1 0.859375 0.1935096153846154 0.04326923076923077 0.10096153846153846
1 0.9122596153846154 0.09495192307692307 0.038461538461538464 0.07451923076923077
1 0.8064903846153846 0.07451923076923077 0.036057692307692304 0.04807692307692308
1 0.8521634615384616 0.07932692307692307 0.03365384615384615 0.06490384615384616
2 0.7524038461538461 0.15985576923076922 0.036057692307692304 0.06490384615384616
1 0.9603365384615384 0.12379807692307693 0.052884615384615384 0.0625