1 0.18046875 0.64765625 0.1171875 0.1859375
1 0.34140625 0.5203125 0.08125 0.1625
1 0.55703125 0.390625 0.078125 0.14375
1 0.3953125 0.30703125 0.065625 0.1359375
1 0.19375 0.16953125 0.0484375 0.1109375
1 0.21640625 0.12109375 0.0453125 0.0859375
1 0.34375 0.03984375 0.0328125 0.0515625
1 0.40234375 0.065625 0.0296875 0.0546875
1 0.5109375 0.2296875 0.0640625 0.1234375
1 0.62109375 0.2109375 0.071875 0.1375
2 0.7015625 0.096875 0.0421875 0.0671875
1 0.50234375 0.06328125 0.040625 0.0828125
1 0.6109375 0.08359375 0.0484375 0.0859375
1 0.76875 0.11015625 0.0421875 0.1015625
1 0.79375 0.0203125 0.040625 0.040625
1 0.6859375 0.01796875 0.034375 0.0359375
1 0.73125 0.01796875 0.034375 0.0359375
2 0.65546875 0.10546875 0.0359375 0.0640625
1 0.84765625 0.025 0.0546875 0.05