1 0.36177884615384615 0.9747596153846154 0.05048076923076923 0.04567307692307692
1 0.5180288461538461 0.9387019230769231 0.052884615384615384 0.07211538461538461
1 0.6334134615384616 0.8425480769230769 0.055288461538461536 0.07211538461538461
1 0.7163461538461539 0.7716346153846154 0.052884615384615384 0.07692307692307693
1 0.8449519230769231 0.8317307692307693 0.06009615384615385 0.07932692307692307
1 0.9867788461538461 0.8557692307692307 0.021634615384615384 0.07211538461538461
1 0.9663461538461539 0.6875 0.04807692307692308 0.06971153846153846
1 0.9831730769230769 0.6586538461538461 0.028846153846153848 0.0673076923076923
1 0.9543269230769231 0.49278846153846156 0.05048076923076923 0.07692307692307693
1 0.7055288461538461 0.5024038461538461 0.040865384615384616 0.06490384615384616
1 0.5949519230769231 0.49399038461538464 0.038461538461538464 0.055288461538461536
1 0.49278846153846156 0.5865384615384616 0.04326923076923077 0.06009615384615385
1 0.45913461538461536 0.7211538461538461 0.04326923076923077 0.0673076923076923
1 0.4326923076923077 0.7163461538461539 0.04326923076923077 0.06971153846153846
1 0.296875 0.6598557692307693 0.04326923076923077 0.06490384615384616
2 0.20432692307692307 0.7079326923076923 0.036057692307692304 0.04326923076923077
2 0.14182692307692307 0.6610576923076923 0.038461538461538464 0.052884615384615384
1 0.13822115384615385 0.7932692307692307 0.055288461538461536 0.06490384615384616
1 0.021634615384615384 0.5901442307692307 0.04326923076923077 0.06971153846153846
1 0.07692307692307693 0.5661057692307693 0.038461538461538464 0.06009615384615385
1 0.13221153846153846 0.5588942307692307 0.040865384615384616 0.057692307692307696
1 0.23798076923076922 0.45552884615384615 0.040865384615384616 0.057692307692307696
2 0.2848557692307692 0.5 0.038461538461538464 0.04326923076923077
1 0.3581730769230769 0.49158653846153844 0.038461538461538464 0.057692307692307696
1 0.41586538461538464 0.44711538461538464 0.038461538461538464 0.057692307692307696
1 0.4651442307692308 0.5456730769230769 0.04326923076923077 0.06490384615384616
1 0.4831730769230769 0.45072115384615385 0.040865384615384616 0.055288461538461536
1 0.5745192307692307 0.36658653846153844 0.04807692307692308 0.06009615384615385
1 0.6346153846153846 0.3449519230769231 0.03125 0.04807692307692308
1 0.6682692307692307 0.375 0.038461538461538464 0.052884615384615384
1 0.703125 0.40625 0.036057692307692304 0.057692307692307696
1 0.6995192307692307 0.3485576923076923 0.03365384615384615 0.052884615384615384
1 0.8365384615384616 0.28125 0.036057692307692304 0.05048076923076923
1 0.8786057692307693 0.33052884615384615 0.04326923076923077 0.057692307692307696
1 0.8762019230769231 0.3762019230769231 0.038461538461538464 0.052884615384615384
1 0.9435096153846154 0.42427884615384615 0.04326923076923077 0.055288461538461536
1 0.4495192307692308 0.36658653846153844 0.04326923076923077 0.057692307692307696
1 0.41586538461538464 0.3401442307692308 0.03365384615384615 0.04807692307692308
1 0.5048076923076923 0.36658653846153844 0.03365384615384615 0.04807692307692308
1 0.5168269230769231 0.3329326923076923 0.03125 0.04567307692307692
1 0.5072115384615384 0.2824519230769231 0.026442307692307692 0.036057692307692304
1 0.5805288461538461 0.2704326923076923 0.026442307692307692 0.040865384615384616
1 0.703125 0.17908653846153846 0.028846153846153848 0.04807692307692308
1 0.7584134615384616 0.23557692307692307 0.03125 0.04326923076923077
1 0.7860576923076923 0.19951923076923078 0.026442307692307692 0.04326923076923077
1 0.8185096153846154 0.23677884615384615 0.038461538461538464 0.05048076923076923
1 0.8641826923076923 0.21995192307692307 0.04807692307692308 0.04807692307692308
1 0.7764423076923077 0.14302884615384615 0.026442307692307692 0.040865384615384616
1 0.7355769230769231 0.09735576923076923 0.02403846153846154 0.03125
1 0.5456730769230769 0.16947115384615385 0.026442307692307692 0.04326923076923077
1 0.4411057692307692 0.23918269230769232 0.03125 0.04567307692307692
1 0.328125 0.23317307692307693 0.021634615384615384 0.028846153846153848
1 0.32091346153846156 0.3269230769230769 0.038461538461538464 0.05048076923076923
2 0.2860576923076923 0.28365384615384615 0.036057692307692304 0.04807692307692308
2 0.0985576923076923 0.38100961538461536 0.03125 0.04567307692307692
1 0.1141826923076923 0.46274038461538464 0.04326923076923077 0.05048076923076923
1 0.14903846153846154 0.4543269230769231 0.036057692307692304 0.04807692307692308
1 0.17908653846153846 0.34975961538461536 0.028846153846153848 0.040865384615384616
2 0.15625 0.3245192307692308 0.02403846153846154 0.038461538461538464
1 0.027644230769230768 0.30288461538461536 0.03125 0.04807692307692308
1 0.18389423076923078 0.21153846153846154 0.026442307692307692 0.038461538461538464
1 0.18629807692307693 0.30408653846153844 0.03125 0.04326923076923077
1 0.25600961538461536 0.25600961538461536 0.03125 0.038461538461538464
2 0.25 0.32091346153846156 0.03125 0.04807692307692308
2 0.21995192307692307 0.34975961538461536 0.036057692307692304 0.04326923076923077
1 0.20793269230769232 0.17668269230769232 0.03125 0.040865384615384616
1 0.22115384615384615 0.14543269230769232 0.02403846153846154 0.03365384615384615
1 0.24879807692307693 0.1045673076923077 0.026442307692307692 0.036057692307692304
1 0.28846153846153844 0.1045673076923077 0.02403846153846154 0.03125
2 0.3112980769230769 0.14783653846153846 0.02403846153846154 0.03365384615384615
1 0.33533653846153844 0.1310096153846154 0.026442307692307692 0.036057692307692304
1 0.3137019230769231 0.08774038461538461 0.019230769230769232 0.028846153846153848
1 0.24519230769230768 0.06490384615384616 0.02403846153846154 0.026442307692307692
1 0.026442307692307692 0.14783653846153846 0.026442307692307692 0.04326923076923077
1 0.36899038461538464 0.08413461538461539 0.021634615384615384 0.026442307692307692
1 0.4098557692307692 0.1466346153846154 0.026442307692307692 0.038461538461538464
1 0.43990384615384615 0.1045673076923077 0.028846153846153848 0.040865384615384616
1 0.33653846153846156 0.04326923076923077 0.021634615384615384 0.03125
1 0.4639423076923077 0.056490384615384616 0.03365384615384615 0.04326923076923077
1 0.42908653846153844 0.03365384615384615 0.021634615384615384 0.03125
1 0.4050480769230769 0.08774038461538461 0.026442307692307692 0.03125
1 0.5564903846153846 0.039663461538461536 0.02403846153846154 0.03125
1 0.5973557692307693 0.051682692307692304 0.019230769230769232 0.028846153846153848
2 0.5805288461538461 0.10336538461538461 0.019230769230769232 0.02403846153846154
2 0.6418269230769231 0.09495192307692307 0.026442307692307692 0.036057692307692304
1 0.6322115384615384 0.15985576923076922 0.03125 0.04326923076923077
1 0.7764423076923077 0.08533653846153846 0.02403846153846154 0.038461538461538464
1 0.8617788461538461 0.08173076923076923 0.038461538461538464 0.038461538461538464
1 0.8665865384615384 0.01201923076923077 0.036057692307692304 0.02403846153846154
1 0.7043269230769231 0.013221153846153846 0.02403846153846154 0.026442307692307692
2 0.7271634615384616 0.021634615384615384 0.021634615384615384 0.03365384615384615
1 0.6274038461538461 0.05889423076923077 0.03125 0.040865384615384616
1 0.5336538461538461 0.06490384615384616 0.028846153846153848 0.038461538461538464
2 0.5576923076923077 0.13581730769230768 0.028846153846153848 0.040865384615384616
1 0.5084134615384616 0.006009615384615385 0.026442307692307692 0.01201923076923077
1 0.8389423076923077 0.17908653846153846 0.026442307692307692 0.036057692307692304
1 0.9747596153846154 0.36658653846153844 0.026442307692307692 0.055288461538461536
1 0.3112980769230769 0.6069711538461539 0.038461538461538464 0.057692307692307696
1 0.5264423076923077 0.7860576923076923 0.038461538461538464 0.06490384615384616
1 0.40865384615384615 0.6442307692307693 0.038461538461538464 0.057692307692307696