1 0.25390625 0.94453125 0.0359375 0.0640625
1 0.41875 0.93203125 0.0390625 0.065625
1 0.553125 0.86328125 0.04375 0.0640625
1 0.64921875 0.81328125 0.0359375 0.071875
1 0.76171875 0.90078125 0.046875 0.0703125
1 0.91015625 0.959375 0.040625 0.0625
1 0.9125 0.78671875 0.034375 0.0640625
1 0.94375 0.765625 0.034375 0.059375
1 0.94375 0.5953125 0.034375 0.0703125
1 0.6984375 0.54765625 0.0296875 0.0609375
1 0.59375 0.51484375 0.028125 0.05
1 0.47421875 0.5828125 0.0328125 0.053125
1 0.41171875 0.70546875 0.03125 0.0609375
1 0.3859375 0.6953125 0.028125 0.0671875
1 0.265625 0.609375 0.0296875 0.0609375
2 0.165625 0.63515625 0.028125 0.0390625
2 0.11484375 0.5765625 0.0296875 0.0484375
1 0.08125 0.7046875 0.04375 0.05625
1 0.0140625 0.48125 0.028125 0.0625
1 0.07265625 0.46953125 0.028125 0.0578125
1 0.128125 0.47421875 0.03125 0.0515625
1 0.25625 0.39765625 0.03125 0.0515625
2 0.28984375 0.45234375 0.0296875 0.0390625
1 0.36328125 0.46015625 0.028125 0.0546875
1 0.4296875 0.4296875 0.028125 0.0515625
1 0.45625 0.5375 0.0296875 0.059375
1 0.49453125 0.44921875 0.03125 0.0515625
1 0.60234375 0.38671875 0.0375 0.053125
1 0.665625 0.3796875 0.021875 0.04375
1 0.6921875 0.41640625 0.0265625 0.0484375
1 0.71875 0.4546875 0.025 0.053125
1 0.7296875 0.39765625 0.0234375 0.05
1 0.87734375 0.3625 0.028125 0.046875
1 0.90703125 0.4203125 0.0328125 0.0515625
1 0.8953125 0.4640625 0.0296875 0.046875
1 0.9484375 0.52578125 0.034375 0.0484375
1 0.48125 0.3578125 0.0328125 0.053125
1 0.453125 0.32578125 0.0234375 0.0453125
1 0.53515625 0.37109375 0.0234375 0.04375
1 0.55390625 0.33984375 0.021875 0.040625
1 0.55625 0.28984375 0.01875 0.034375
1 0.62890625 0.29453125 0.0171875 0.0390625
1 0.77109375 0.2328125 0.01875 0.04375
1 0.8125 0.30078125 0.0234375 0.0390625
1 0.8453125 0.271875 0.0171875 0.040625
1 0.86953125 0.31640625 0.028125 0.0453125
1 0.9171875 0.309375 0.0390625 0.040625
1 0.84921875 0.2140625 0.01875 0.0375
1 0.81953125 0.16015625 0.0171875 0.028125
1 0.61953125 0.1875 0.0171875 0.040625
1 0.5015625 0.2328125 0.0234375 0.0421875
1 0.3921875 0.2015625 0.015625 0.025
1 0.3640625 0.29140625 0.0296875 0.0453125
2 0.340625 0.24140625 0.028125 0.0421875
2 0.13515625 0.29296875 0.0234375 0.0421875
1 0.1328125 0.3765625 0.0328125 0.0453125
1 0.16796875 0.3765625 0.0265625 0.04375
1 0.2203125 0.28125 0.01875 0.0390625
2 0.2046875 0.2515625 0.0171875 0.0359375
1 0.08359375 0.20234375 0.0203125 0.04375
1 0.25625 0.14765625 0.0171875 0.034375
1 0.2375 0.23828125 0.021875 0.0390625
1 0.31640625 0.2078125 0.0234375 0.0328125
2 0.296875 0.26875 0.021875 0.04375
2 0.26015625 0.290625 0.0265625 0.0390625
1 0.2875 0.11953125 0.025 0.0359375
1 0.3078125 0.0921875 0.0171875 0.03125
1 0.34375 0.0578125 0.0171875 0.034375
1 0.3828125 0.0671875 0.0171875 0.028125
2 0.39453125 0.1140625 0.01875 0.0296875
1 0.421875 0.10390625 0.01875 0.034375
1 0.41015625 0.05625 0.0125 0.0265625
1 0.35 0.01875 0.01875 0.0234375
1 0.11875 0.05 0.0171875 0.040625
1 0.465625 0.065625 0.0171875 0.0234375
1 0.49140625 0.1359375 0.01875 0.0359375
1 0.53046875 0.1015625 0.0203125 0.0359375
1 0.44375 0.01796875 0.015625 0.0296875
1 0.5640625 0.059375 0.0234375 0.0390625
1 0.53671875 0.0296875 0.015625 0.028125
1 0.5 0.07734375 0.021875 0.028125
1 0.6578125 0.0640625 0.0171875 0.0296875
1 0.69609375 0.0859375 0.0125 0.0265625
2 0.66875 0.13203125 0.015625 0.021875
2 0.7296875 0.1375 0.0171875 0.034375
1 0.7046875 0.1984375 0.021875 0.0390625
1 0.8625 0.15859375 0.0171875 0.0359375
1 0.946875 0.1734375 0.03125 0.0328125
1 0.9703125 0.08984375 0.0234375 0.0484375
1 0.8859375 0.0625 0.0171875 0.0296875
1 0.86171875 0.0328125 0.0125 0.021875
1 0.8109375 0.06328125 0.015625 0.034375
2 0.82890625 0.0859375 0.0140625 0.0328125
1 0.7234375 0.09921875 0.0234375 0.0359375
1 0.63046875 0.084375 0.021875 0.0328125
2 0.63828125 0.159375 0.0203125 0.0375
1 0.61953125 0.0109375 0.0203125 0.021875
1 0.759375 0.009375 0.021875 0.01875
2 0.95 0.01796875 0.0203125 0.0265625
2 0.98515625 0.06171875 0.0140625 0.0234375
1 0.90234375 0.26328125 0.0203125 0.03125
1 0.9921875 0.47734375 0.0125 0.0546875
1 0.29140625 0.56171875 0.028125 0.0515625
1 0.46171875 0.784375 0.025 0.0609375
1 0.37890625 0.6203125 0.028125 0.053125