1 0.36015625 0.97578125 0.0515625 0.0453125
1 0.51796875 0.9390625 0.053125 0.071875
1 0.63359375 0.8421875 0.05625 0.071875
1 0.715625 0.77109375 0.0515625 0.078125
1 0.8453125 0.83203125 0.0609375 0.078125
1 0.9875 0.85625 0.021875 0.071875
1 0.96640625 0.68671875 0.0484375 0.06875
1 0.98359375 0.659375 0.0296875 0.065625
1 0.95390625 0.49296875 0.05 0.075
1 0.70390625 0.5015625 0.0421875 0.065625
1 0.5953125 0.49296875 0.0390625 0.0546875
1 0.49296875 0.5859375 0.04375 0.0578125
1 0.46015625 0.7203125 0.04375 0.065625
1 0.4328125 0.715625 0.0421875 0.0703125
1 0.296875 0.659375 0.0421875 0.065625
2 0.2046875 0.70703125 0.0359375 0.04375
2 0.14140625 0.6609375 0.0390625 0.053125
1 0.13828125 0.79375 0.0546875 0.065625
1 0.021875 0.590625 0.040625 0.065625
1 0.0765625 0.56640625 0.0390625 0.0625
1 0.13203125 0.55859375 0.0421875 0.05625
1 0.2390625 0.45546875 0.040625 0.0578125
2 0.284375 0.50078125 0.0375 0.0453125
1 0.3578125 0.4921875 0.0390625 0.059375
1 0.415625 0.446875 0.0390625 0.05625
1 0.465625 0.54609375 0.0421875 0.0640625
1 0.4828125 0.4515625 0.0421875 0.05625
1 0.57421875 0.36640625 0.0484375 0.0609375
1 0.634375 0.3453125 0.03125 0.046875
1 0.66875 0.375 0.0375 0.053125
1 0.703125 0.40703125 0.0359375 0.0578125
1 0.70078125 0.3484375 0.034375 0.0546875
1 0.83671875 0.28046875 0.0375 0.0515625
1 0.87890625 0.33046875 0.04375 0.0578125
1 0.87734375 0.37578125 0.0390625 0.0515625
1 0.9421875 0.42421875 0.04375 0.0546875
1 0.45 0.365625 0.04375 0.0578125
1 0.41484375 0.340625 0.0328125 0.0484375
1 0.50546875 0.36640625 0.0328125 0.046875
1 0.51640625 0.33125 0.03125 0.0453125
1 0.5078125 0.28203125 0.0265625 0.0375
1 0.5796875 0.27109375 0.0265625 0.0421875
1 0.70390625 0.17890625 0.028125 0.046875
1 0.759375 0.2359375 0.03125 0.04375
1 0.78515625 0.2 0.025 0.04375
1 0.81875 0.2375 0.0375 0.05
1 0.86328125 0.2203125 0.046875 0.0484375
1 0.77578125 0.14296875 0.0265625 0.040625
1 0.73515625 0.096875 0.0234375 0.03125
1 0.54609375 0.16875 0.0265625 0.04375
1 0.44140625 0.2390625 0.03125 0.0453125
1 0.328125 0.23359375 0.021875 0.028125
1 0.32109375 0.32734375 0.0390625 0.05
2 0.28671875 0.28359375 0.0359375 0.046875
2 0.0984375 0.38046875 0.03125 0.0453125
1 0.11484375 0.4625 0.0421875 0.0515625
1 0.14921875 0.4546875 0.0359375 0.0484375
1 0.178125 0.35 0.028125 0.0421875
2 0.15625 0.32421875 0.025 0.0375
1 0.02734375 0.30390625 0.0296875 0.046875
1 0.18359375 0.21171875 0.025 0.0375
1 0.18515625 0.30390625 0.03125 0.0421875
1 0.25546875 0.25625 0.03125 0.0375
2 0.25 0.32109375 0.03125 0.046875
2 0.21953125 0.35 0.034375 0.04375
1 0.2078125 0.1765625 0.0328125 0.040625
1 0.22109375 0.14609375 0.0234375 0.034375
1 0.2484375 0.1046875 0.025 0.0375
1 0.28828125 0.10390625 0.0234375 0.03125
2 0.3109375 0.14765625 0.025 0.0328125
1 0.33515625 0.13125 0.0265625 0.0375
1 0.3125 0.0875 0.01875 0.028125
1 0.24609375 0.06484375 0.0234375 0.0265625
1 0.02734375 0.14765625 0.0265625 0.0421875
1 0.36875 0.084375 0.021875 0.0265625
1 0.409375 0.14765625 0.0265625 0.0390625
1 0.43984375 0.10546875 0.028125 0.0390625
1 0.33671875 0.04296875 0.021875 0.03125
1 0.46328125 0.05625 0.03125 0.0421875
1 0.4296875 0.03359375 0.0203125 0.0296875
1 0.4046875 0.08828125 0.0265625 0.0328125
1 0.55625 0.03984375 0.0234375 0.0328125
1 0.59765625 0.05234375 0.01875 0.028125
2 0.58125 0.10390625 0.01875 0.0234375
2 0.6421875 0.0953125 0.025 0.0375
1 0.63203125 0.16015625 0.03125 0.04375
1 0.7765625 0.0859375 0.025 0.0390625
1 0.86171875 0.08125 0.0375 0.0390625
1 0.8671875 0.0109375 0.034375 0.021875
1 0.7046875 0.0125 0.025 0.025
2 0.72734375 0.02265625 0.021875 0.034375
1 0.62734375 0.059375 0.03125 0.040625
1 0.53359375 0.065625 0.0296875 0.0375
2 0.55859375 0.13671875 0.028125 0.040625
1 0.50625 0.0046875 0.025 0.009375
1 0.83828125 0.17890625 0.0265625 0.034375
1 0.975 0.3671875 0.025 0.0546875
1 0.3109375 0.60703125 0.0390625 0.05625
1 0.5265625 0.7859375 0.0375 0.0640625
1 0.40859375 0.64453125 0.0390625 0.0578125