1 0.33515625 0.971875 0.0484375 0.053125
1 0.49453125 0.93984375 0.05 0.0703125
1 0.615625 0.8484375 0.053125 0.0703125
1 0.7015625 0.78203125 0.0484375 0.0765625
1 0.82734375 0.84921875 0.0578125 0.0765625
1 0.978125 0.88203125 0.040625 0.0703125
1 0.95625 0.71015625 0.0453125 0.06875
1 0.9796875 0.684375 0.0375 0.065625
1 0.95390625 0.5171875 0.046875 0.075
1 0.70390625 0.5125 0.0390625 0.0640625
1 0.5953125 0.4984375 0.0359375 0.053125
1 0.4890625 0.5859375 0.0421875 0.0578125
1 0.4484375 0.71796875 0.040625 0.065625
1 0.421875 0.71171875 0.0390625 0.0703125
1 0.28828125 0.6484375 0.040625 0.0640625
2 0.19453125 0.69140625 0.034375 0.0421875
2 0.13359375 0.6421875 0.0375 0.053125
1 0.1234375 0.77421875 0.053125 0.0640625
1 0.01953125 0.56484375 0.0390625 0.0671875
1 0.07421875 0.54375 0.0375 0.0609375
1 0.1296875 0.5390625 0.0390625 0.05625
1 0.2421875 0.4421875 0.0390625 0.05625
2 0.284375 0.4890625 0.0359375 0.04375
1 0.35859375 0.484375 0.0375 0.0578125
1 0.41875 0.4421875 0.0359375 0.05625
1 0.46328125 0.54453125 0.0390625 0.0625
1 0.4859375 0.45078125 0.0390625 0.05625
1 0.58125 0.3703125 0.046875 0.059375
1 0.6421875 0.353125 0.028125 0.046875
1 0.675 0.384375 0.034375 0.053125
1 0.7078125 0.4171875 0.034375 0.05625
1 0.70859375 0.359375 0.03125 0.053125
1 0.84765625 0.2984375 0.034375 0.05
1 0.8875 0.35078125 0.040625 0.05625
1 0.88359375 0.39609375 0.0359375 0.0515625
1 0.94609375 0.44765625 0.0421875 0.053125
1 0.45703125 0.36328125 0.040625 0.0578125
1 0.4234375 0.33671875 0.03125 0.0484375
1 0.5125 0.3671875 0.03125 0.046875
1 0.52578125 0.3328125 0.0296875 0.04375
1 0.51875 0.2828125 0.025 0.0359375
1 0.59140625 0.275 0.025 0.0421875
1 0.7203125 0.18984375 0.0265625 0.046875
1 0.77265625 0.24921875 0.0296875 0.0421875
1 0.80078125 0.215625 0.0234375 0.04375
1 0.83203125 0.2546875 0.0359375 0.05
1 0.87734375 0.23984375 0.0453125 0.046875
1 0.79375 0.1578125 0.025 0.040625
1 0.75625 0.109375 0.021875 0.03125
1 0.56328125 0.171875 0.025 0.04375
1 0.45546875 0.23671875 0.0296875 0.0453125
1 0.3421875 0.225 0.0203125 0.028125
1 0.33046875 0.31796875 0.0375 0.05
2 0.2984375 0.27265625 0.034375 0.0453125
2 0.1046875 0.359375 0.0296875 0.0453125
1 0.1171875 0.4421875 0.040625 0.05
1 0.1515625 0.43671875 0.034375 0.046875
1 0.18671875 0.33359375 0.0265625 0.0421875
2 0.16640625 0.30625 0.0234375 0.0375
1 0.03828125 0.2796875 0.028125 0.0453125
1 0.19921875 0.1953125 0.0234375 0.0375
1 0.19609375 0.2875 0.028125 0.0421875
1 0.26875 0.24375 0.0296875 0.0359375
2 0.259375 0.3078125 0.0296875 0.046875
2 0.22734375 0.3359375 0.0328125 0.0421875
1 0.225 0.16171875 0.03125 0.040625
1 0.23984375 0.13203125 0.021875 0.034375
1 0.26953125 0.0921875 0.0234375 0.0359375
1 0.309375 0.09375 0.021875 0.03125
2 0.3296875 0.13828125 0.0234375 0.0328125
1 0.3546875 0.1234375 0.025 0.0359375
1 0.334375 0.07890625 0.0171875 0.028125
1 0.26875 0.05234375 0.0234375 0.0265625
1 0.04609375 0.1234375 0.025 0.0421875
1 0.390625 0.078125 0.0203125 0.0265625
1 0.428125 0.14296875 0.025 0.0375
1 0.4609375 0.10234375 0.0265625 0.0390625
1 0.3609375 0.03515625 0.0203125 0.03125
1 0.48671875 0.05546875 0.0296875 0.0421875
1 0.45390625 0.03046875 0.0203125 0.0296875
1 0.4265625 0.08359375 0.0265625 0.03125
1 0.5796875 0.04375 0.021875 0.03125
1 0.62109375 0.0578125 0.0171875 0.028125
2 0.60234375 0.10859375 0.01875 0.0234375
2 0.66328125 0.103125 0.0234375 0.0359375
1 0.64921875 0.16796875 0.0296875 0.0421875
1 0.79765625 0.10078125 0.0234375 0.0390625
1 0.88359375 0.10078125 0.0375 0.0375
1 0.89296875 0.02109375 0.0328125 0.0421875
1 0.80546875 0.009375 0.0234375 0.01875
1 0.73046875 0.0171875 0.0234375 0.034375
2 0.7515625 0.03515625 0.0203125 0.034375
1 0.65078125 0.06640625 0.0296875 0.0390625
1 0.55625 0.06796875 0.028125 0.0359375
2 0.57734375 0.140625 0.0265625 0.040625
1 0.5328125 0.00546875 0.025 0.0109375
1 0.8546875 0.196875 0.025 0.034375
1 0.98125 0.3921875 0.0234375 0.0546875
1 0.30546875 0.596875 0.0359375 0.0546875
1 0.51171875 0.78671875 0.0359375 0.0640625
1 0.4015625 0.6390625 0.0359375 0.05625