1 0.3449519230769231 0.9723557692307693 0.05048076923076923 0.05048076923076923
1 0.5024038461538461 0.9399038461538461 0.05048076923076923 0.07211538461538461
1 0.6213942307692307 0.8461538461538461 0.055288461538461536 0.07211538461538461
1 0.7067307692307693 0.7788461538461539 0.05048076923076923 0.07692307692307693
1 0.8329326923076923 0.84375 0.06009615384615385 0.07692307692307693
1 0.9807692307692307 0.8725961538461539 0.03365384615384615 0.07211538461538461
1 0.9603365384615384 0.703125 0.04567307692307692 0.06971153846153846
1 0.9807692307692307 0.6754807692307693 0.03365384615384615 0.0673076923076923
1 0.9543269230769231 0.5096153846153846 0.04807692307692308 0.07451923076923077
1 0.7043269230769231 0.5096153846153846 0.038461538461538464 0.06490384615384616
1 0.5949519230769231 0.4963942307692308 0.036057692307692304 0.052884615384615384
1 0.49038461538461536 0.5853365384615384 0.04326923076923077 0.057692307692307696
1 0.4519230769230769 0.71875 0.04326923076923077 0.0673076923076923
1 0.4254807692307692 0.7139423076923077 0.040865384615384616 0.06971153846153846
1 0.2920673076923077 0.6526442307692307 0.040865384615384616 0.06490384615384616
2 0.19831730769230768 0.6971153846153846 0.036057692307692304 0.04326923076923077
2 0.13581730769230768 0.6490384615384616 0.038461538461538464 0.052884615384615384
1 0.12860576923076922 0.7800480769230769 0.052884615384615384 0.06490384615384616
1 0.020432692307692308 0.5745192307692307 0.040865384615384616 0.07211538461538461
1 0.07451923076923077 0.5516826923076923 0.038461538461538464 0.06009615384615385
1 0.12980769230769232 0.5456730769230769 0.040865384615384616 0.057692307692307696
1 0.2403846153846154 0.44591346153846156 0.040865384615384616 0.057692307692307696
2 0.2848557692307692 0.49278846153846156 0.036057692307692304 0.04326923076923077
1 0.3581730769230769 0.48677884615384615 0.036057692307692304 0.057692307692307696
1 0.4182692307692308 0.44350961538461536 0.036057692307692304 0.055288461538461536
1 0.4639423076923077 0.5444711538461539 0.040865384615384616 0.0625
1 0.484375 0.45072115384615385 0.040865384615384616 0.055288461538461536
1 0.5793269230769231 0.36899038461538464 0.04567307692307692 0.06009615384615385
1 0.640625 0.34975961538461536 0.028846153846153848 0.04567307692307692
1 0.6730769230769231 0.38100961538461536 0.036057692307692304 0.052884615384615384
1 0.7067307692307693 0.41346153846153844 0.03365384615384615 0.057692307692307696
1 0.7055288461538461 0.3557692307692308 0.03365384615384615 0.052884615384615384
1 0.84375 0.2932692307692308 0.036057692307692304 0.05048076923076923
1 0.8846153846153846 0.34375 0.04326923076923077 0.057692307692307696
1 0.8810096153846154 0.3894230769230769 0.036057692307692304 0.05048076923076923
1 0.9459134615384616 0.43990384615384615 0.040865384615384616 0.052884615384615384
1 0.4543269230769231 0.3641826923076923 0.040865384615384616 0.057692307692307696
1 0.4206730769230769 0.33774038461538464 0.03365384615384615 0.04807692307692308
1 0.5096153846153846 0.36658653846153844 0.03365384615384615 0.04807692307692308
1 0.5228365384615384 0.3329326923076923 0.028846153846153848 0.04326923076923077
1 0.515625 0.2824519230769231 0.02403846153846154 0.036057692307692304
1 0.5877403846153846 0.27403846153846156 0.02403846153846154 0.040865384615384616
1 0.7151442307692307 0.18629807692307693 0.026442307692307692 0.04807692307692308
1 0.7680288461538461 0.24519230769230768 0.03125 0.04326923076923077
1 0.7956730769230769 0.21033653846153846 0.02403846153846154 0.04326923076923077
1 0.8269230769230769 0.24879807692307693 0.036057692307692304 0.05048076923076923
1 0.8737980769230769 0.23317307692307693 0.04567307692307692 0.04807692307692308
1 0.7884615384615384 0.15264423076923078 0.026442307692307692 0.040865384615384616
1 0.7487980769230769 0.10576923076923077 0.021634615384615384 0.03125
1 0.5576923076923077 0.17067307692307693 0.026442307692307692 0.04326923076923077
1 0.45072115384615385 0.23798076923076922 0.03125 0.04567307692307692
1 0.33774038461538464 0.22716346153846154 0.021634615384615384 0.028846153846153848
1 0.3269230769230769 0.32091346153846156 0.038461538461538464 0.05048076923076923
2 0.2932692307692308 0.2764423076923077 0.03365384615384615 0.04567307692307692
2 0.10336538461538461 0.36658653846153844 0.03125 0.04567307692307692
1 0.11538461538461539 0.4495192307692308 0.040865384615384616 0.05048076923076923
1 0.15144230769230768 0.4423076923076923 0.036057692307692304 0.04807692307692308
1 0.18389423076923078 0.3389423076923077 0.026442307692307692 0.040865384615384616
2 0.1622596153846154 0.3125 0.02403846153846154 0.038461538461538464
1 0.03485576923076923 0.28725961538461536 0.028846153846153848 0.04567307692307692
1 0.19471153846153846 0.20072115384615385 0.02403846153846154 0.038461538461538464
1 0.1935096153846154 0.2932692307692308 0.028846153846153848 0.04326923076923077
1 0.2644230769230769 0.24759615384615385 0.03125 0.038461538461538464
2 0.25600961538461536 0.3125 0.03125 0.04567307692307692
2 0.2247596153846154 0.3401442307692308 0.03365384615384615 0.04326923076923077
1 0.21875 0.16706730769230768 0.03125 0.040865384615384616
1 0.23317307692307693 0.13581730769230768 0.02403846153846154 0.03365384615384615
1 0.26322115384615385 0.09615384615384616 0.02403846153846154 0.036057692307692304
1 0.30288461538461536 0.09735576923076923 0.021634615384615384 0.03125
2 0.3233173076923077 0.14182692307692307 0.02403846153846154 0.03365384615384615
1 0.3473557692307692 0.125 0.02403846153846154 0.036057692307692304
1 0.328125 0.08173076923076923 0.016826923076923076 0.028846153846153848
1 0.2608173076923077 0.056490384615384616 0.02403846153846154 0.026442307692307692
1 0.039663461538461536 0.1310096153846154 0.026442307692307692 0.04326923076923077
1 0.38341346153846156 0.07932692307692307 0.021634615384615384 0.026442307692307692
1 0.421875 0.14423076923076922 0.026442307692307692 0.038461538461538464
1 0.4543269230769231 0.10336538461538461 0.026442307692307692 0.038461538461538464
1 0.35216346153846156 0.037259615384615384 0.021634615384615384 0.03125
1 0.4795673076923077 0.056490384615384616 0.03125 0.04326923076923077
1 0.44591346153846156 0.03125 0.019230769230769232 0.028846153846153848
1 0.41947115384615385 0.08413461538461539 0.026442307692307692 0.03125
1 0.5721153846153846 0.042067307692307696 0.02403846153846154 0.03125
1 0.6129807692307693 0.055288461538461536 0.016826923076923076 0.028846153846153848
2 0.5949519230769231 0.10576923076923077 0.019230769230769232 0.02403846153846154
2 0.65625 0.10096153846153846 0.02403846153846154 0.036057692307692304
1 0.6442307692307693 0.16466346153846154 0.028846153846153848 0.04326923076923077
1 0.7908653846153846 0.09495192307692307 0.02403846153846154 0.038461538461538464
1 0.8762019230769231 0.09495192307692307 0.036057692307692304 0.036057692307692304
1 0.8846153846153846 0.018028846153846152 0.03365384615384615 0.036057692307692304
1 0.796875 0.007211538461538462 0.026442307692307692 0.014423076923076924
1 0.7235576923076923 0.015625 0.02403846153846154 0.03125
2 0.7439903846153846 0.030048076923076924 0.021634615384615384 0.03365384615384615
1 0.6430288461538461 0.06370192307692307 0.028846153846153848 0.040865384615384616
1 0.5492788461538461 0.0673076923076923 0.028846153846153848 0.038461538461538464
2 0.5709134615384616 0.13822115384615385 0.028846153846153848 0.040865384615384616
1 0.5252403846153846 0.004807692307692308 0.026442307692307692 0.009615384615384616
1 0.8497596153846154 0.19110576923076922 0.026442307692307692 0.03365384615384615
1 0.9795673076923077 0.38341346153846156 0.02403846153846154 0.055288461538461536
1 0.3076923076923077 0.5997596153846154 0.036057692307692304 0.055288461538461536
1 0.5168269230769231 0.7860576923076923 0.036057692307692304 0.06490384615384616
1 0.40384615384615385 0.640625 0.036057692307692304 0.057692307692307696