1 0.15384615384615385 0.8713942307692307 0.04807692307692308 0.06971153846153846
1 0.3161057692307692 0.8990384615384616 0.052884615384615384 0.07211538461538461
1 0.4639423076923077 0.8653846153846154 0.055288461538461536 0.07211538461538461
1 0.5697115384615384 0.8401442307692307 0.05048076923076923 0.07692307692307693
1 0.6574519230769231 0.9519230769230769 0.06009615384615385 0.07932692307692307
1 0.8305288461538461 0.8786057692307693 0.04807692307692308 0.06971153846153846
1 0.8665865384615384 0.8641826923076923 0.04567307692307692 0.06490384615384616
1 0.9074519230769231 0.7007211538461539 0.04807692307692308 0.07451923076923077
1 0.6814903846153846 0.5949519230769231 0.040865384615384616 0.06490384615384616
1 0.5877403846153846 0.5372596153846154 0.036057692307692304 0.052884615384615384
1 0.4543269230769231 0.5733173076923077 0.04326923076923077 0.057692307692307696
1 0.3641826923076923 0.6778846153846154 0.04326923076923077 0.0673076923076923
1 0.34134615384615385 0.6622596153846154 0.040865384615384616 0.06971153846153846
1 0.24639423076923078 0.5504807692307693 0.040865384615384616 0.06490384615384616
2 0.14302884615384615 0.5504807692307693 0.036057692307692304 0.04326923076923077
2 0.10697115384615384 0.4807692307692308 0.038461538461538464 0.052884615384615384
1 0.04447115384615385 0.5973557692307693 0.055288461538461536 0.06490384615384616
1 0.03365384615384615 0.3641826923076923 0.04326923076923077 0.06971153846153846
1 0.09254807692307693 0.36658653846153844 0.038461538461538464 0.06009615384615385
1 0.14543269230769232 0.38461538461538464 0.040865384615384616 0.057692307692307696
1 0.28725961538461536 0.34134615384615385 0.040865384615384616 0.057692307692307696
2 0.3076923076923077 0.4026442307692308 0.036057692307692304 0.04326923076923077
1 0.37740384615384615 0.42788461538461536 0.038461538461538464 0.057692307692307696
1 0.4495192307692308 0.41466346153846156 0.038461538461538464 0.055288461538461536
1 0.4483173076923077 0.5252403846153846 0.040865384615384616 0.06490384615384616
1 0.5072115384615384 0.4483173076923077 0.040865384615384616 0.055288461538461536
1 0.6274038461538461 0.41466346153846156 0.04807692307692308 0.06009615384615385
1 0.6899038461538461 0.4230769230769231 0.028846153846153848 0.04567307692307692
1 0.7067307692307693 0.4651442307692308 0.036057692307692304 0.052884615384615384
1 0.7235576923076923 0.5084134615384616 0.036057692307692304 0.057692307692307696
1 0.7475961538461539 0.45552884615384615 0.03365384615384615 0.052884615384615384
1 0.8990384615384616 0.4579326923076923 0.036057692307692304 0.05048076923076923
1 0.9146634615384616 0.5204326923076923 0.04326923076923077 0.057692307692307696
1 0.8918269230769231 0.5612980769230769 0.038461538461538464 0.052884615384615384
1 0.9290865384615384 0.6334134615384616 0.04326923076923077 0.055288461538461536
1 0.515625 0.3581730769230769 0.04326923076923077 0.057692307692307696
1 0.49759615384615385 0.31971153846153844 0.03365384615384615 0.04807692307692308
1 0.5649038461538461 0.38341346153846156 0.03365384615384615 0.04807692307692308
1 0.5901442307692307 0.3581730769230769 0.03125 0.04567307692307692
1 0.6057692307692307 0.31009615384615385 0.02403846153846154 0.036057692307692304
1 0.6754807692307693 0.3317307692307692 0.02403846153846154 0.040865384615384616
1 0.8269230769230769 0.30649038461538464 0.026442307692307692 0.04807692307692308
1 0.8509615384615384 0.38221153846153844 0.03125 0.04326923076923077
1 0.890625 0.36177884615384615 0.026442307692307692 0.04326923076923077
1 0.9026442307692307 0.4110576923076923 0.036057692307692304 0.05048076923076923
1 0.9507211538461539 0.41586538461538464 0.04567307692307692 0.04807692307692308
1 0.9086538461538461 0.30649038461538464 0.026442307692307692 0.040865384615384616
1 0.8930288461538461 0.24759615384615385 0.021634615384615384 0.03125
1 0.6911057692307693 0.22596153846153846 0.026442307692307692 0.04326923076923077
1 0.5661057692307693 0.24158653846153846 0.03125 0.04567307692307692
1 0.4675480769230769 0.18389423076923078 0.021634615384615384 0.028846153846153848
1 0.4182692307692308 0.2644230769230769 0.038461538461538464 0.05048076923076923
2 0.4074519230769231 0.21033653846153846 0.036057692307692304 0.04807692307692308
2 0.1971153846153846 0.21153846153846154 0.03125 0.04567307692307692
1 0.17307692307692307 0.29086538461538464 0.040865384615384616 0.05048076923076923
1 0.20793269230769232 0.3004807692307692 0.036057692307692304 0.04807692307692308
1 0.2824519230769231 0.21995192307692307 0.026442307692307692 0.040865384615384616
2 0.27403846153846156 0.1875 0.02403846153846154 0.038461538461538464
1 0.16826923076923078 0.11057692307692307 0.028846153846153848 0.04567307692307692
1 0.34975961538461536 0.09975961538461539 0.026442307692307692 0.038461538461538464
1 0.3088942307692308 0.18389423076923078 0.028846153846153848 0.04326923076923077
1 0.39302884615384615 0.171875 0.03125 0.038461538461538464
2 0.3581730769230769 0.22716346153846154 0.03125 0.04807692307692308
2 0.31850961538461536 0.23798076923076922 0.03365384615384615 0.04326923076923077
1 0.3858173076923077 0.07932692307692307 0.03125 0.040865384615384616
1 0.41225961538461536 0.057692307692307696 0.02403846153846154 0.03365384615384615
1 0.45552884615384615 0.03365384615384615 0.02403846153846154 0.036057692307692304
1 0.49158653846153844 0.051682692307692304 0.021634615384615384 0.03125
2 0.49158653846153844 0.10096153846153846 0.02403846153846154 0.03365384615384615
1 0.5204326923076923 0.09615384615384616 0.02403846153846154 0.036057692307692304
1 0.5204326923076923 0.04807692307692308 0.016826923076923076 0.028846153846153848
1 0.4699519230769231 0.006009615384615385 0.026442307692307692 0.01201923076923077
1 0.5721153846153846 0.06971153846153846 0.021634615384615384 0.026442307692307692
1 0.5793269230769231 0.14423076923076922 0.026442307692307692 0.038461538461538464
1 0.6262019230769231 0.1201923076923077 0.028846153846153848 0.040865384615384616
1 0.5612980769230769 0.018028846153846152 0.021634615384615384 0.03125
1 0.6694711538461539 0.0889423076923077 0.03125 0.04326923076923077
1 0.6490384615384616 0.051682692307692304 0.019230769230769232 0.03125
1 0.6021634615384616 0.0889423076923077 0.026442307692307692 0.03125
1 0.7584134615384616 0.11538461538461539 0.02403846153846154 0.03125
1 0.7908653846153846 0.14543269230769232 0.016826923076923076 0.028846153846153848
2 0.7524038461538461 0.18269230769230768 0.019230769230769232 0.02403846153846154
2 0.8100961538461539 0.20432692307692307 0.02403846153846154 0.036057692307692304
1 0.7716346153846154 0.25721153846153844 0.028846153846153848 0.04326923076923077
1 0.9350961538461539 0.25600961538461536 0.02403846153846154 0.038461538461538464
1 0.9807692307692307 0.16947115384615385 0.02403846153846154 0.03125
1 0.9639423076923077 0.13341346153846154 0.016826923076923076 0.02403846153846154
1 0.9074519230769231 0.15144230769230768 0.021634615384615384 0.036057692307692304
2 0.9194711538461539 0.1778846153846154 0.021634615384615384 0.03365384615384615
1 0.8137019230769231 0.1658653846153846 0.03125 0.040865384615384616
1 0.7271634615384616 0.12860576923076922 0.028846153846153848 0.038461538461538464
2 0.7163461538461539 0.20192307692307693 0.028846153846153848 0.040865384615384616
1 0.7367788461538461 0.054086538461538464 0.02403846153846154 0.028846153846153848
1 0.8701923076923077 0.08413461538461539 0.02403846153846154 0.026442307692307692
1 0.9471153846153846 0.36778846153846156 0.026442307692307692 0.03365384615384615
1 0.9831730769230769 0.5973557692307693 0.02403846153846154 0.055288461538461536
1 0.28365384615384615 0.5096153846153846 0.038461538461538464 0.055288461538461536
1 0.3942307692307692 0.7668269230769231 0.036057692307692304 0.06490384615384616
1 0.35336538461538464 0.5865384615384616 0.038461538461538464 0.057692307692307696