2 0.1935096153846154 0.7415865384615384 0.13942307692307693 0.15865384615384615
2 0.6658653846153846 0.859375 0.125 0.19951923076923078
2 0.42908653846153844 0.6610576923076923 0.11538461538461539 0.16105769230769232
2 0.32091346153846156 0.7043269230769231 0.11778846153846154 0.17548076923076922
2 0.59375 0.36538461538461536 0.10576923076923077 0.16346153846153846
2 0.028846153846153848 0.4170673076923077 0.057692307692307696 0.13701923076923078
2 0.3894230769230769 0.47115384615384615 0.08173076923076923 0.0985576923076923
2 0.22115384615384615 0.5036057692307693 0.07932692307692307 0.11778846153846154
2 0.6887019230769231 0.27884615384615385 0.0889423076923077 0.11538461538461539
2 0.2824519230769231 0.25961538461538464 0.0673076923076923 0.09134615384615384
2 0.10096153846153846 0.2848557692307692 0.09615384615384616 0.14423076923076922
2 0.8016826923076923 0.5901442307692307 0.11057692307692307 0.18028846153846154