2 0.1658653846153846 0.703125 0.12259615384615384 0.14903846153846154
2 0.6201923076923077 0.8774038461538461 0.10336538461538461 0.18990384615384615
2 0.4110576923076923 0.6502403846153846 0.10096153846153846 0.15144230769230768
2 0.296875 0.6802884615384616 0.0985576923076923 0.16826923076923078
2 0.609375 0.37740384615384615 0.0889423076923077 0.15625
2 0.03245192307692308 0.359375 0.06490384615384616 0.13221153846153846
2 0.39302884615384615 0.4579326923076923 0.07211538461538461 0.09134615384615384
2 0.22355769230769232 0.4699519230769231 0.0673076923076923 0.11298076923076923
2 0.7139423076923077 0.30288461538461536 0.07692307692307693 0.10817307692307693
2 0.3137019230769231 0.234375 0.057692307692307696 0.08653846153846154
2 0.12980769230769232 0.23798076923076922 0.08173076923076923 0.13701923076923078
2 0.7884615384615384 0.6262019230769231 0.09134615384615384 0.17307692307692307