2 0.20673076923076922 0.7572115384615384 0.14423076923076922 0.16346153846153846
2 0.6838942307692307 0.8509615384615384 0.13221153846153846 0.20192307692307693
2 0.4375 0.6646634615384616 0.12259615384615384 0.16346153846153846
2 0.3317307692307692 0.7127403846153846 0.125 0.1778846153846154
2 0.5865384615384616 0.3605769230769231 0.11298076923076923 0.1658653846153846
2 0.028846153846153848 0.4423076923076923 0.057692307692307696 0.13942307692307693
2 0.38822115384615385 0.47716346153846156 0.08653846153846154 0.10096153846153846
2 0.22235576923076922 0.5180288461538461 0.08413461538461539 0.1201923076923077
2 0.6766826923076923 0.2692307692307692 0.09375 0.11778846153846154
2 0.2704326923076923 0.2704326923076923 0.06971153846153846 0.09375
2 0.09014423076923077 0.30649038461538464 0.10336538461538461 0.1466346153846154
2 0.8052884615384616 0.5733173076923077 0.11778846153846154 0.18269230769230768