2 0.18203125 0.815625 0.125 0.221875
2 0.4328125 0.84375 0.1140625 0.2078125
2 0.103125 0.65234375 0.1234375 0.2078125
2 0.15703125 0.4984375 0.1171875 0.2109375
2 0.20546875 0.3 0.1109375 0.221875
2 0.28671875 0.4984375 0.10625 0.2
2 0.43828125 0.55703125 0.1078125 0.1953125
2 0.3828125 0.365625 0.103125 0.196875
2 0.47109375 0.209375 0.103125 0.18125
2 0.57734375 0.52109375 0.1125 0.2078125
2 0.7015625 0.46171875 0.1203125 0.1859375
2 0.828125 0.4578125 0.1140625 0.2140625
2 0.71328125 0.1640625 0.1109375 0.2015625
2 0.5765625 0.30859375 0.1140625 0.19375
2 0.83359375 0.2453125 0.1109375 0.2078125
2 0.928125 0.2859375 0.109375 0.234375