2 0.16640625 0.79921875 0.1140625 0.2203125
2 0.41484375 0.8390625 0.1046875 0.20625
2 0.09609375 0.63125 0.1140625 0.2046875
2 0.1578125 0.48046875 0.10625 0.209375
2 0.215625 0.284375 0.1 0.2203125
2 0.28671875 0.48671875 0.096875 0.1984375
2 0.4359375 0.55390625 0.0984375 0.19375
2 0.38984375 0.36015625 0.09375 0.1953125
2 0.4859375 0.2078125 0.0953125 0.1796875
2 0.57578125 0.525 0.103125 0.20625
2 0.703125 0.47265625 0.1109375 0.1828125
2 0.8296875 0.47578125 0.1046875 0.2125
2 0.73046875 0.17578125 0.1015625 0.2
2 0.58671875 0.31328125 0.10625 0.190625
2 0.84609375 0.26328125 0.1015625 0.20625
2 0.9390625 0.30859375 0.0984375 0.2328125