2 0.08125 0.659375 0.125 0.221875
2 0.2984375 0.7859375 0.1140625 0.2078125
2 0.07578125 0.47734375 0.1234375 0.2078125
2 0.1875 0.359375 0.1171875 0.2109375
2 0.31171875 0.196875 0.1109375 0.221875
2 0.30546875 0.41171875 0.10625 0.2
2 0.42109375 0.52734375 0.1078125 0.1953125
2 0.44765625 0.3296875 0.103125 0.196875
2 0.59140625 0.22265625 0.103125 0.18125
2 0.56171875 0.55078125 0.1125 0.2078125
2 0.69921875 0.546875 0.1203125 0.1859375
2 0.8171875 0.5953125 0.1140625 0.2140625
2 0.83125 0.2796875 0.1109375 0.2015625
2 0.64765625 0.35625 0.1140625 0.19375
2 0.9078125 0.403125 0.1109375 0.2078125
2 0.9609375 0.47890625 0.075 0.2359375