2 0.15625 0.7872596153846154 0.10817307692307693 0.21875
2 0.40384615384615385 0.8365384615384616 0.0985576923076923 0.20432692307692307
2 0.09134615384615384 0.6165865384615384 0.10817307692307693 0.20192307692307693
2 0.15865384615384615 0.4675480769230769 0.0985576923076923 0.20673076923076922
2 0.22355769230769232 0.27524038461538464 0.09375 0.21875
2 0.28725961538461536 0.4795673076923077 0.09134615384615384 0.1971153846153846
2 0.4338942307692308 0.5516826923076923 0.09375 0.19230769230769232
2 0.3954326923076923 0.35697115384615385 0.08653846153846154 0.19471153846153846
2 0.4951923076923077 0.20793269230769232 0.0889423076923077 0.18028846153846154
2 0.5745192307692307 0.5276442307692307 0.09615384615384616 0.20432692307692307
2 0.703125 0.4795673076923077 0.10576923076923077 0.18028846153846154
2 0.8305288461538461 0.4855769230769231 0.0985576923076923 0.21153846153846154
2 0.7415865384615384 0.18509615384615385 0.09615384615384616 0.1971153846153846
2 0.59375 0.31490384615384615 0.0985576923076923 0.18990384615384615
2 0.8533653846153846 0.2764423076923077 0.09375 0.20432692307692307
2 0.9459134615384616 0.3245192307692308 0.09134615384615384 0.23317307692307693