2 0.07932692307692307 0.6514423076923077 0.12740384615384615 0.22355769230769232
2 0.29447115384615385 0.7824519230769231 0.11778846153846154 0.2091346153846154
2 0.07692307692307693 0.4699519230769231 0.125 0.20673076923076922
2 0.18990384615384615 0.35336538461538464 0.11778846153846154 0.21153846153846154
2 0.3173076923076923 0.1935096153846154 0.11538461538461539 0.22355769230769232
2 0.30649038461538464 0.40865384615384615 0.11057692307692307 0.19951923076923078
2 0.41947115384615385 0.5264423076923077 0.11057692307692307 0.19471153846153846
2 0.45072115384615385 0.3293269230769231 0.10576923076923077 0.1971153846153846
2 0.5961538461538461 0.22355769230769232 0.10576923076923077 0.18269230769230768
2 0.5612980769230769 0.5516826923076923 0.11538461538461539 0.2091346153846154
2 0.6983173076923077 0.5504807692307693 0.12259615384615384 0.1875
2 0.8149038461538461 0.5997596153846154 0.11778846153846154 0.21394230769230768
2 0.8341346153846154 0.2860576923076923 0.11298076923076923 0.20192307692307693
2 0.6514423076923077 0.3581730769230769 0.11778846153846154 0.19471153846153846
2 0.9086538461538461 0.4110576923076923 0.11298076923076923 0.2091346153846154
2 0.9603365384615384 0.48677884615384615 0.07451923076923077 0.23798076923076922