2 0.09014423076923077 0.6814903846153846 0.11538461538461539 0.21875
2 0.3137019230769231 0.796875 0.10336538461538461 0.20673076923076922
2 0.07572115384615384 0.5 0.11298076923076923 0.20432692307692307
2 0.18028846153846154 0.375 0.10576923076923077 0.2091346153846154
2 0.296875 0.20793269230769232 0.10096153846153846 0.22115384615384615
2 0.3004807692307692 0.421875 0.0985576923076923 0.1971153846153846
2 0.421875 0.53125 0.0985576923076923 0.19230769230769232
2 0.4387019230769231 0.3329326923076923 0.09375 0.19471153846153846
2 0.5769230769230769 0.21754807692307693 0.09615384615384616 0.18028846153846154
2 0.5649038461538461 0.546875 0.10336538461538461 0.20673076923076922
2 0.7007211538461539 0.5372596153846154 0.11057692307692307 0.18269230769230768
2 0.8209134615384616 0.578125 0.10576923076923077 0.21153846153846154
2 0.8185096153846154 0.26322115384615385 0.10096153846153846 0.19951923076923078
2 0.640625 0.3485576923076923 0.10576923076923077 0.19230769230769232
2 0.9014423076923077 0.38221153846153844 0.10096153846153846 0.20673076923076922
2 0.9627403846153846 0.4543269230769231 0.06971153846153846 0.23557692307692307