1 0.78125 0.6346153846153846 0.1346153846153846 0.24519230769230768
1 0.9338942307692307 0.6009615384615384 0.12740384615384615 0.25
1 0.53125 0.6875 0.13942307692307693 0.24519230769230768
1 0.3762019230769231 0.7127403846153846 0.17548076923076922 0.31009615384615385
1 0.19471153846153846 0.7920673076923077 0.13701923076923078 0.24278846153846154
1 0.06370192307692307 0.5360576923076923 0.12740384615384615 0.2644230769230769
1 0.22355769230769232 0.5492788461538461 0.1346153846153846 0.25240384615384615
1 0.17067307692307693 0.3269230769230769 0.13701923076923078 0.1971153846153846
1 0.3605769230769231 0.24158653846153846 0.17067307692307693 0.2644230769230769
1 0.4423076923076923 0.4567307692307692 0.13701923076923078 0.22115384615384615
1 0.6622596153846154 0.4362980769230769 0.14903846153846154 0.2283653846153846
1 0.7668269230769231 0.27403846153846156 0.13221153846153846 0.22115384615384615