1 0.7836538461538461 0.6298076923076923 0.13701923076923078 0.24759615384615385
1 0.9338942307692307 0.59375 0.12740384615384615 0.25
1 0.5348557692307693 0.6875 0.14182692307692307 0.24519230769230768
1 0.3798076923076923 0.7139423076923077 0.18028846153846154 0.31009615384615385
1 0.20072115384615385 0.7980769230769231 0.14182692307692307 0.24278846153846154
1 0.06610576923076923 0.5420673076923077 0.13221153846153846 0.2668269230769231
1 0.2247596153846154 0.5540865384615384 0.13942307692307693 0.25240384615384615
1 0.16706730769230768 0.3329326923076923 0.13942307692307693 0.19951923076923078
1 0.3557692307692308 0.2439903846153846 0.17548076923076922 0.2644230769230769
1 0.4411057692307692 0.4579326923076923 0.14182692307692307 0.22115384615384615
1 0.6610576923076923 0.4338942307692308 0.15144230769230768 0.23076923076923078
1 0.7632211538461539 0.2692307692307692 0.1346153846153846 0.22355769230769232