1 0.7632211538461539 0.6682692307692307 0.10817307692307693 0.2403846153846154
1 0.9230769230769231 0.6538461538461539 0.11057692307692307 0.2403846153846154
1 0.5084134615384616 0.6899038461538461 0.11298076923076923 0.23798076923076922
1 0.35096153846153844 0.6959134615384616 0.14182692307692307 0.30288461538461536
1 0.16105769230769232 0.7536057692307693 0.11298076923076923 0.23557692307692307
1 0.056490384615384616 0.4807692307692308 0.11298076923076923 0.25961538461538464
1 0.21995192307692307 0.5144230769230769 0.10817307692307693 0.24759615384615385
1 0.1935096153846154 0.28846153846153844 0.11778846153846154 0.18990384615384615
1 0.39302884615384615 0.22596153846153846 0.14423076923076922 0.2548076923076923
1 0.44711538461538464 0.4495192307692308 0.11538461538461539 0.21394230769230768
1 0.6682692307692307 0.4567307692307692 0.125 0.22115384615384615
1 0.7932692307692307 0.3088942307692308 0.10817307692307693 0.21634615384615385