1 0.8473557692307693 0.6117788461538461 0.14423076923076922 0.34134615384615385
1 0.9387019230769231 0.7319711538461539 0.06009615384615385 0.18990384615384615
1 0.45552884615384615 0.6141826923076923 0.07211538461538461 0.15625
1 0.39783653846153844 0.4230769230769231 0.05048076923076923 0.14423076923076922
1 0.20552884615384615 0.4170673076923077 0.06971153846153846 0.13942307692307693
1 0.09014423076923077 0.5276442307692307 0.052884615384615384 0.09134615384615384
1 0.042067307692307696 0.4326923076923077 0.052884615384615384 0.08413461538461539
1 0.3245192307692308 0.46033653846153844 0.04807692307692308 0.07692307692307693
1 0.5913461538461539 0.46634615384615385 0.04807692307692308 0.09375
1 0.6862980769230769 0.4951923076923077 0.038461538461538464 0.1201923076923077
1 0.6430288461538461 0.40865384615384615 0.026442307692307692 0.052884615384615384
1 0.6225961538461539 0.3713942307692308 0.026442307692307692 0.057692307692307696
1 0.328125 0.34615384615384615 0.016826923076923076 0.040865384615384616
1 0.2668269230769231 0.3317307692307692 0.021634615384615384 0.04326923076923077
1 0.1201923076923077 0.3641826923076923 0.019230769230769232 0.038461538461538464
1 0.015625 0.33653846153846156 0.019230769230769232 0.040865384615384616
2 0.13581730769230768 0.31009615384615385 0.021634615384615384 0.03365384615384615
0 0.4495192307692308 0.375 0.016826923076923076 0.03365384615384615
1 0.35697115384615385 0.42427884615384615 0.03125 0.06971153846153846