1 0.85625 0.58125 0.15 0.34375
1 0.9578125 0.69296875 0.0640625 0.190625
1 0.465625 0.61796875 0.075 0.159375
1 0.39140625 0.43203125 0.053125 0.14375
1 0.2 0.44296875 0.071875 0.140625
1 0.09375 0.5625 0.0546875 0.09375
1 0.03671875 0.47265625 0.0546875 0.084375
1 0.321875 0.475 0.0484375 0.078125
1 0.5875 0.4578125 0.0515625 0.09375
1 0.68515625 0.48046875 0.040625 0.121875
1 0.634375 0.39765625 0.0265625 0.0546875
1 0.6109375 0.36171875 0.0265625 0.059375
1 0.31484375 0.3609375 0.0171875 0.040625
1 0.25234375 0.35234375 0.021875 0.04375
1 0.109375 0.39765625 0.01875 0.0375
1 0.00625 0.37890625 0.0125 0.0421875
2 0.12109375 0.34296875 0.021875 0.0359375
0 0.43828125 0.38046875 0.0171875 0.034375
1 0.35 0.43671875 0.03125 0.0703125