1 0.86328125 0.5375 0.1890625 0.3546875
1 0.96640625 0.6359375 0.0640625 0.196875
1 0.4796875 0.62109375 0.0921875 0.1640625
1 0.384375 0.44609375 0.0703125 0.1484375
1 0.1953125 0.4796875 0.0875 0.146875
1 0.1046875 0.61171875 0.065625 0.0984375
1 0.0375 0.52890625 0.0640625 0.0890625
1 0.3203125 0.496875 0.0578125 0.0828125
1 0.58203125 0.44765625 0.0609375 0.0984375
1 0.68125 0.4578125 0.0546875 0.125
1 0.62109375 0.38203125 0.0328125 0.05625
1 0.59296875 0.34921875 0.034375 0.0609375
1 0.29921875 0.384375 0.021875 0.0421875
1 0.2359375 0.38359375 0.0265625 0.0453125
1 0.1 0.44609375 0.021875 0.0390625
1 0.00234375 0.440625 0.0046875 0.04375
2 0.1046875 0.390625 0.0265625 0.0375
0 0.42421875 0.3890625 0.021875 0.0359375
1 0.34375 0.45546875 0.0390625 0.0734375