1 0.8257211538461539 0.6646634615384616 0.19471153846153846 0.3557692307692308
1 0.8978365384615384 0.7980769230769231 0.0889423076923077 0.19471153846153846
1 0.4375 0.6057692307692307 0.09375 0.1658653846153846
1 0.4110576923076923 0.40865384615384615 0.07211538461538461 0.14903846153846154
1 0.22235576923076922 0.37259615384615385 0.0889423076923077 0.14903846153846154
1 0.09134615384615384 0.46274038461538464 0.0673076923076923 0.0985576923076923
1 0.057692307692307696 0.36177884615384615 0.06490384615384616 0.0889423076923077
1 0.3329326923076923 0.4326923076923077 0.057692307692307696 0.08173076923076923
1 0.5961538461538461 0.4807692307692308 0.0625 0.0985576923076923
1 0.6850961538461539 0.5252403846153846 0.055288461538461536 0.125
1 0.6550480769230769 0.4326923076923077 0.03365384615384615 0.057692307692307696
1 0.640625 0.39302884615384615 0.03365384615384615 0.06009615384615385
1 0.3545673076923077 0.32091346153846156 0.02403846153846154 0.040865384615384616
1 0.2956730769230769 0.296875 0.026442307692307692 0.04567307692307692
1 0.14543269230769232 0.30649038461538464 0.02403846153846154 0.040865384615384616
1 0.046875 0.2620192307692308 0.026442307692307692 0.04326923076923077
2 0.17067307692307693 0.25600961538461536 0.026442307692307692 0.036057692307692304
0 0.46875 0.36899038461538464 0.021634615384615384 0.036057692307692304
1 0.3701923076923077 0.4026442307692308 0.040865384615384616 0.07451923076923077