1 0.865625 0.51171875 0.2109375 0.359375
1 0.9671875 0.6015625 0.0625 0.196875
1 0.48828125 0.621875 0.1015625 0.1671875
1 0.38046875 0.45390625 0.0796875 0.1484375
1 0.19453125 0.5015625 0.096875 0.1484375
1 0.11328125 0.6390625 0.071875 0.1
1 0.040625 0.56171875 0.06875 0.090625
1 0.3203125 0.509375 0.0625 0.084375
1 0.578125 0.4421875 0.0671875 0.1
1 0.678125 0.4453125 0.0625 0.125
1 0.6125 0.3734375 0.0359375 0.0578125
1 0.5828125 0.34296875 0.0375 0.0625
1 0.2921875 0.39921875 0.025 0.0421875
1 0.22890625 0.40234375 0.0296875 0.046875
1 0.09765625 0.47421875 0.025 0.0390625
2 0.09765625 0.41796875 0.028125 0.0375
0 0.41640625 0.39453125 0.0234375 0.0375
1 0.34140625 0.46640625 0.04375 0.075