1 0.8617788461538461 0.5504807692307693 0.1778846153846154 0.35336538461538464
1 0.9651442307692307 0.6514423076923077 0.06490384615384616 0.1971153846153846
1 0.47596153846153844 0.6201923076923077 0.08653846153846154 0.16346153846153846
1 0.3858173076923077 0.4423076923076923 0.06490384615384616 0.1466346153846154
1 0.19591346153846154 0.4699519230769231 0.08413461538461539 0.1466346153846154
1 0.10096153846153846 0.5985576923076923 0.0625 0.09615384615384616
1 0.037259615384615384 0.5132211538461539 0.0625 0.0889423076923077
1 0.32091346153846156 0.49158653846153844 0.055288461538461536 0.08173076923076923
1 0.5841346153846154 0.45072115384615385 0.057692307692307696 0.09615384615384616
1 0.6826923076923077 0.4639423076923077 0.05048076923076923 0.12259615384615384
1 0.625 0.3858173076923077 0.03125 0.055288461538461536
1 0.5985576923076923 0.35216346153846156 0.03125 0.06009615384615385
1 0.30408653846153844 0.3786057692307692 0.021634615384615384 0.040865384615384616
1 0.2403846153846154 0.375 0.02403846153846154 0.04567307692307692
1 0.10216346153846154 0.4326923076923077 0.021634615384615384 0.038461538461538464
1 0.003605769230769231 0.4230769230769231 0.007211538461538462 0.04326923076923077
2 0.109375 0.3762019230769231 0.02403846153846154 0.036057692307692304
0 0.42788461538461536 0.3858173076923077 0.019230769230769232 0.036057692307692304
1 0.34615384615384615 0.4495192307692308 0.038461538461538464 0.07211538461538461