2 0.246875 0.6890625 0.0671875 0.065625
2 0.475 0.63046875 0.0453125 0.0453125
2 0.56640625 0.63984375 0.04375 0.0484375
2 0.7390625 0.5796875 0.0578125 0.05625
2 0.74765625 0.521875 0.034375 0.0421875
2 0.7953125 0.5515625 0.0390625 0.0359375
2 0.0984375 0.72109375 0.04375 0.0359375
2 0.1609375 0.68359375 0.03125 0.0296875
2 0.29609375 0.64921875 0.04375 0.0421875
2 0.375 0.66171875 0.0390625 0.0359375
2 0.35390625 0.64296875 0.03125 0.034375
2 0.534375 0.6015625 0.0296875 0.0328125
2 0.61328125 0.58984375 0.0390625 0.0375
2 0.5734375 0.59375 0.040625 0.040625
0 0.97265625 0.5234375 0.053125 0.0484375