2 0.1921875 0.56953125 0.0671875 0.065625
2 0.42421875 0.609375 0.0453125 0.0453125
2 0.50390625 0.6546875 0.04375 0.0484375
2 0.6859375 0.66953125 0.0578125 0.05625
2 0.7171875 0.6203125 0.034375 0.0421875
2 0.7484375 0.6671875 0.0390625 0.0359375
2 0.04296875 0.53828125 0.04375 0.0359375
2 0.115625 0.53046875 0.03125 0.0296875
2 0.253125 0.55390625 0.04375 0.0421875
2 0.31953125 0.596875 0.0390625 0.0359375
2 0.30859375 0.57109375 0.03125 0.034375
2 0.48984375 0.60625 0.0296875 0.0328125
2 0.5671875 0.628125 0.0390625 0.0375
2 0.52890625 0.615625 0.040625 0.040625
0 0.92265625 0.71328125 0.053125 0.0484375