2 0.22235576923076922 0.6514423076923077 0.0625 0.057692307692307696
2 0.4567307692307692 0.6262019230769231 0.040865384615384616 0.040865384615384616
2 0.546875 0.6490384615384616 0.038461538461538464 0.04326923076923077
2 0.7259615384615384 0.6117788461538461 0.052884615384615384 0.05048076923076923
2 0.7427884615384616 0.5552884615384616 0.028846153846153848 0.040865384615384616
2 0.7848557692307693 0.5925480769230769 0.036057692307692304 0.03125
2 0.07211538461538461 0.6622596153846154 0.040865384615384616 0.03125
2 0.13942307692307693 0.6346153846153846 0.028846153846153848 0.026442307692307692
2 0.2764423076923077 0.6189903846153846 0.040865384615384616 0.038461538461538464
2 0.35336538461538464 0.6430288461538461 0.036057692307692304 0.03125
2 0.33533653846153844 0.6213942307692307 0.026442307692307692 0.03125
2 0.5192307692307693 0.6045673076923077 0.026442307692307692 0.028846153846153848
2 0.5997596153846154 0.6045673076923077 0.03365384615384615 0.03365384615384615
2 0.5600961538461539 0.6033653846153846 0.036057692307692304 0.036057692307692304
0 0.9651442307692307 0.5889423076923077 0.04807692307692308 0.04326923076923077