2 0.19230769230769232 0.5745192307692307 0.0673076923076923 0.06490384615384616
2 0.4254807692307692 0.6105769230769231 0.04567307692307692 0.04567307692307692
2 0.5060096153846154 0.6550480769230769 0.04326923076923077 0.04807692307692308
2 0.6887019230769231 0.6670673076923077 0.057692307692307696 0.057692307692307696
2 0.7199519230769231 0.6165865384615384 0.03365384615384615 0.04326923076923077
2 0.7512019230769231 0.6622596153846154 0.038461538461538464 0.03365384615384615
2 0.04447115384615385 0.5456730769230769 0.04326923076923077 0.036057692307692304
2 0.11658653846153846 0.5372596153846154 0.03125 0.028846153846153848
2 0.2536057692307692 0.5576923076923077 0.04326923076923077 0.04326923076923077
2 0.32091346153846156 0.5997596153846154 0.038461538461538464 0.036057692307692304
2 0.3088942307692308 0.5745192307692307 0.03125 0.03365384615384615
2 0.49158653846153844 0.6057692307692307 0.03125 0.03125
2 0.5697115384615384 0.6274038461538461 0.038461538461538464 0.036057692307692304
2 0.53125 0.6153846153846154 0.038461538461538464 0.038461538461538464
0 0.9266826923076923 0.7067307692307693 0.052884615384615384 0.04807692307692308