2 0.215625 0.63671875 0.059375 0.05625
2 0.45078125 0.6234375 0.0390625 0.0375
2 0.53828125 0.65 0.0359375 0.0421875
2 0.71953125 0.6234375 0.05 0.0484375
2 0.7390625 0.56875 0.0265625 0.0375
2 0.7796875 0.60703125 0.034375 0.0296875
2 0.06328125 0.640625 0.0390625 0.0296875
2 0.1328125 0.615625 0.0265625 0.025
2 0.27109375 0.6078125 0.0375 0.0359375
2 0.34609375 0.634375 0.034375 0.0296875
2 0.32890625 0.6125 0.025 0.0296875
2 0.5140625 0.60625 0.025 0.028125
2 0.59375 0.61015625 0.0328125 0.03125
2 0.55390625 0.60625 0.034375 0.034375
0 0.96015625 0.61328125 0.046875 0.040625