0 0.10546875 0.690625 0.090625 0.1390625
0 0.85546875 0.440625 0.053125 0.065625
1 0.45546875 0.80703125 0.10625 0.1546875
1 0.15703125 0.384375 0.078125 0.0953125
1 0.10703125 0.31484375 0.040625 0.084375
1 0.0328125 0.4859375 0.0515625 0.090625
1 0.76640625 0.6046875 0.0625 0.10625
1 0.95078125 0.7578125 0.078125 0.16875
1 0.9453125 0.4015625 0.05 0.06875
1 0.778125 0.37734375 0.046875 0.0703125
1 0.68203125 0.47578125 0.0375 0.0734375
1 0.54140625 0.53046875 0.040625 0.071875
1 0.3609375 0.63359375 0.090625 0.1328125
1 0.26875 0.3078125 0.05 0.0875
1 0.28125 0.46953125 0.0375 0.084375
1 0.425 0.38359375 0.046875 0.0875
1 0.3453125 0.40859375 0.0515625 0.0640625
1 0.609375 0.83671875 0.165625 0.23125
2 0.7234375 0.4796875 0.0453125 0.0953125
2 0.87734375 0.575 0.0671875 0.0828125