0 0.08052884615384616 0.6262019230769231 0.11057692307692307 0.14903846153846154
0 0.8605769230769231 0.4963942307692308 0.0625 0.07211538461538461
1 0.40865384615384615 0.796875 0.12980769230769232 0.16826923076923078
1 0.17908653846153846 0.3317307692307692 0.09134615384615384 0.10576923076923077
1 0.140625 0.25600961538461536 0.052884615384615384 0.08653846153846154
1 0.040865384615384616 0.41346153846153844 0.06490384615384616 0.09615384615384616
1 0.7463942307692307 0.6442307692307693 0.07692307692307693 0.11298076923076923
1 0.9038461538461539 0.8245192307692307 0.10336538461538461 0.17548076923076922
1 0.9555288461538461 0.47115384615384615 0.06009615384615385 0.07451923076923077
1 0.7932692307692307 0.421875 0.055288461538461536 0.07451923076923077
1 0.6838942307692307 0.5048076923076923 0.04807692307692308 0.07692307692307693
1 0.5360576923076923 0.5360576923076923 0.05048076923076923 0.07692307692307693
1 0.34134615384615385 0.6105769230769231 0.10817307692307693 0.14182692307692307
1 0.3016826923076923 0.27524038461538464 0.0625 0.09375
1 0.28846153846153844 0.43509615384615385 0.04807692307692308 0.08653846153846154
1 0.44350961538461536 0.3737980769230769 0.06009615384615385 0.09375
1 0.36177884615384615 0.3858173076923077 0.06009615384615385 0.06971153846153846
1 0.5552884615384616 0.8497596153846154 0.19951923076923078 0.25240384615384615
2 0.7247596153846154 0.5144230769230769 0.06009615384615385 0.0985576923076923
2 0.8617788461538461 0.6334134615384616 0.07692307692307693 0.09134615384615384