0 0.07578125 0.61171875 0.1140625 0.1515625
0 0.86015625 0.509375 0.0640625 0.0734375
1 0.3984375 0.79296875 0.1328125 0.1703125
1 0.18515625 0.32109375 0.09375 0.10625
1 0.14921875 0.24375 0.05625 0.0890625
1 0.04453125 0.396875 0.0671875 0.0984375
1 0.7421875 0.65390625 0.0796875 0.1140625
1 0.89296875 0.8390625 0.1078125 0.1765625
1 0.95625 0.48828125 0.0609375 0.075
1 0.79609375 0.4328125 0.0578125 0.0765625
1 0.68359375 0.5109375 0.05 0.078125
1 0.53515625 0.5375 0.053125 0.0765625
1 0.3375 0.6046875 0.1125 0.1453125
1 0.31015625 0.2671875 0.065625 0.09375
1 0.290625 0.428125 0.0515625 0.0875
1 0.4484375 0.37109375 0.0625 0.09375
1 0.365625 0.38125 0.0625 0.071875
1 0.54296875 0.8515625 0.2046875 0.2546875
2 0.72265625 0.52265625 0.0625 0.1
2 0.85546875 0.64609375 0.0796875 0.0921875