0 0.1622596153846154 0.7800480769230769 0.10817307692307693 0.14903846153846154
0 0.8305288461538461 0.3557692307692308 0.0625 0.07211538461538461
1 0.53125 0.8088942307692307 0.12740384615384615 0.1658653846153846
1 0.13942307692307693 0.47115384615384615 0.0889423076923077 0.10336538461538461
1 0.0733173076923077 0.41586538461538464 0.052884615384615384 0.08653846153846154
1 0.04326923076923077 0.5997596153846154 0.0625 0.09615384615384616
1 0.7836538461538461 0.5360576923076923 0.07451923076923077 0.11298076923076923
1 0.9723557692307693 0.6418269230769231 0.05048076923076923 0.1778846153846154
1 0.9086538461538461 0.2956730769230769 0.057692307692307696 0.07451923076923077
1 0.7391826923076923 0.3137019230769231 0.055288461538461536 0.07451923076923077
1 0.6706730769230769 0.4326923076923077 0.04567307692307692 0.07692307692307693
1 0.5480769230769231 0.5192307692307693 0.05048076923076923 0.07451923076923077
1 0.39663461538461536 0.6634615384615384 0.10576923076923077 0.14182692307692307
1 0.22956730769230768 0.3701923076923077 0.06009615384615385 0.09134615384615384
1 0.2800480769230769 0.5228365384615384 0.04807692307692308 0.08653846153846154
1 0.39903846153846156 0.40625 0.057692307692307696 0.09375
1 0.328125 0.4483173076923077 0.057692307692307696 0.06971153846153846
1 0.6875 0.8004807692307693 0.19471153846153846 0.25
2 0.7115384615384616 0.4254807692307692 0.057692307692307696 0.0985576923076923
2 0.8846153846153846 0.48197115384615385 0.07692307692307693 0.0889423076923077