0 0.12734375 0.73046875 0.090625 0.1390625
0 0.846875 0.40390625 0.053125 0.065625
1 0.48828125 0.809375 0.10625 0.1546875
1 0.146875 0.42109375 0.078125 0.0953125
1 0.08984375 0.35703125 0.040625 0.084375
1 0.03359375 0.534375 0.0515625 0.090625
1 0.7765625 0.5765625 0.0625 0.10625
1 0.9671875 0.71015625 0.0625 0.1703125
1 0.9328125 0.35546875 0.05 0.06875
1 0.76328125 0.34921875 0.046875 0.0703125
1 0.678125 0.45703125 0.0375 0.0734375
1 0.54453125 0.52578125 0.040625 0.071875
1 0.37578125 0.64765625 0.090625 0.1328125
1 0.25 0.3328125 0.05 0.0875
1 0.27890625 0.49296875 0.0375 0.084375
1 0.41328125 0.3921875 0.046875 0.0875
1 0.33671875 0.42578125 0.0515625 0.0640625
1 0.64375 0.8234375 0.165625 0.23125
2 0.71953125 0.45625 0.0453125 0.0953125
2 0.8828125 0.53515625 0.0671875 0.0828125