1 0.8040865384615384 0.8293269230769231 0.18990384615384615 0.27403846153846156
1 0.5264423076923077 0.38341346153846156 0.14182692307692307 0.25961538461538464
1 0.41346153846153844 0.5036057692307693 0.11057692307692307 0.20673076923076922
1 0.27884615384615385 0.625 0.14182692307692307 0.23076923076923078
1 0.13581730769230768 0.7596153846153846 0.23076923076923078 0.40865384615384615
2 0.27884615384615385 0.38461538461538464 0.07932692307692307 0.16826923076923078
1 0.6177884615384616 0.3581730769230769 0.13942307692307693 0.2403846153846154
1 0.7608173076923077 0.34975961538461536 0.10336538461538461 0.18990384615384615
1 0.9435096153846154 0.3485576923076923 0.10336538461538461 0.20432692307692307
1 0.8641826923076923 0.11538461538461539 0.07932692307692307 0.13701923076923078
1 0.8112980769230769 0.1502403846153846 0.057692307692307696 0.0985576923076923
2 0.6117788461538461 0.11538461538461539 0.0625 0.12259615384615384
1 0.6670673076923077 0.055288461538461536 0.04807692307692308 0.0889423076923077
2 0.546875 0.109375 0.06009615384615385 0.10576923076923077
1 0.37740384615384615 0.10576923076923077 0.040865384615384616 0.0673076923076923