1 0.83203125 0.80078125 0.209375 0.28125
1 0.5171875 0.38125 0.1609375 0.2625
1 0.4140625 0.5109375 0.1265625 0.209375
1 0.29140625 0.64375 0.159375 0.2359375
1 0.159375 0.790625 0.2625 0.415625
2 0.26875 0.40390625 0.0921875 0.1703125
1 0.6046875 0.3484375 0.15625 0.2453125
1 0.746875 0.32890625 0.1171875 0.1921875
1 0.92890625 0.31015625 0.1203125 0.2078125
1 0.82890625 0.084375 0.0890625 0.140625
1 0.77890625 0.12421875 0.065625 0.1015625
2 0.578125 0.1078125 0.0703125 0.125
1 0.62734375 0.04453125 0.0578125 0.0890625
2 0.51171875 0.10703125 0.06875 0.109375
1 0.34453125 0.11796875 0.046875 0.06875