1 0.7355769230769231 0.875 0.16346153846153846 0.24519230769230768
1 0.5480769230769231 0.390625 0.11298076923076923 0.24759615384615385
1 0.41346153846153844 0.48677884615384615 0.0889423076923077 0.19951923076923078
1 0.25961538461538464 0.5805288461538461 0.11778846153846154 0.21875
1 0.09375 0.6850961538461539 0.1875 0.3942307692307692
2 0.30408653846153844 0.34375 0.06009615384615385 0.16346153846153846
1 0.6418269230769231 0.38341346153846156 0.11298076923076923 0.23076923076923078
1 0.7848557692307693 0.4026442307692308 0.08173076923076923 0.18269230769230768
1 0.9603365384615384 0.43509615384615385 0.07451923076923077 0.20192307692307693
1 0.9302884615384616 0.19110576923076922 0.0625 0.13221153846153846
1 0.8713942307692307 0.21634615384615385 0.04807692307692308 0.09615384615384616
2 0.6826923076923077 0.14423076923076922 0.04807692307692308 0.1201923076923077
1 0.7487980769230769 0.09495192307692307 0.038461538461538464 0.08653846153846154
2 0.6201923076923077 0.125 0.04807692307692308 0.10336538461538461
1 0.45552884615384615 0.0889423076923077 0.03365384615384615 0.0625