1 0.7984375 0.83359375 0.1859375 0.2703125
1 0.5296875 0.38359375 0.1375 0.2578125
1 0.41328125 0.5015625 0.1078125 0.2046875
1 0.27734375 0.62109375 0.1390625 0.228125
1 0.13125 0.75390625 0.225 0.4078125
2 0.28046875 0.38046875 0.0765625 0.1671875
1 0.6203125 0.36015625 0.134375 0.2390625
1 0.7640625 0.35546875 0.1 0.1890625
1 0.94609375 0.35625 0.1015625 0.203125
1 0.8703125 0.12109375 0.0765625 0.1359375
1 0.8171875 0.15546875 0.05625 0.0984375
2 0.61875 0.11796875 0.059375 0.121875
1 0.67421875 0.0578125 0.046875 0.0890625
2 0.55234375 0.1109375 0.059375 0.10625
1 0.38515625 0.10390625 0.040625 0.0671875