1 0.78671875 0.84375 0.178125 0.2671875
1 0.53359375 0.38515625 0.1296875 0.2546875
1 0.41328125 0.49921875 0.1015625 0.203125
1 0.2734375 0.61328125 0.1328125 0.225
1 0.12265625 0.740625 0.2125 0.403125
2 0.284375 0.37265625 0.071875 0.1671875
1 0.625 0.3640625 0.1265625 0.2375
1 0.76875 0.36484375 0.09375 0.1859375
1 0.95078125 0.371875 0.0953125 0.2015625
1 0.88359375 0.134375 0.071875 0.1359375
1 0.82890625 0.1671875 0.053125 0.0984375
2 0.63203125 0.12265625 0.05625 0.121875
1 0.68984375 0.06484375 0.0453125 0.0890625
2 0.56640625 0.1125 0.05625 0.10625
1 0.39921875 0.1 0.0390625 0.065625