1 0.7295673076923077 0.8762019230769231 0.1658653846153846 0.24278846153846154
1 0.5504807692307693 0.3918269230769231 0.11778846153846154 0.25
1 0.41466346153846156 0.4855769230769231 0.09134615384615384 0.19951923076923078
1 0.25721153846153844 0.5769230769230769 0.12259615384615384 0.22115384615384615
1 0.09375 0.6778846153846154 0.1875 0.39903846153846156
2 0.3076923076923077 0.3401442307692308 0.0625 0.16346153846153846
1 0.6442307692307693 0.3858173076923077 0.11538461538461539 0.23317307692307693
1 0.7860576923076923 0.4074519230769231 0.08413461538461539 0.18269230769230768
1 0.9603365384615384 0.44471153846153844 0.07451923076923077 0.20192307692307693
1 0.9362980769230769 0.19951923076923078 0.06490384615384616 0.13221153846153846
1 0.8774038461538461 0.22235576923076922 0.05048076923076923 0.09615384615384616
2 0.6899038461538461 0.14783653846153846 0.05048076923076923 0.1201923076923077
1 0.7560096153846154 0.09975961538461539 0.040865384615384616 0.08653846153846154
2 0.6262019230769231 0.12740384615384615 0.05048076923076923 0.10336538461538461
1 0.46274038461538464 0.0889423076923077 0.036057692307692304 0.06490384615384616