2 0.0829326923076923 0.49158653846153844 0.040865384615384616 0.07211538461538461
2 0.06009615384615385 0.5588942307692307 0.038461538461538464 0.0625
2 0.09254807692307693 0.6418269230769231 0.03125 0.052884615384615384
2 0.08052884615384616 0.7199519230769231 0.038461538461538464 0.07211538461538461
2 0.018028846153846152 0.7788461538461539 0.036057692307692304 0.0673076923076923
2 0.11658653846153846 0.7944711538461539 0.036057692307692304 0.057692307692307696
2 0.04927884615384615 0.8822115384615384 0.04567307692307692 0.07451923076923077
2 0.009615384615384616 0.8689903846153846 0.019230769230769232 0.055288461538461536
2 0.14783653846153846 0.8858173076923077 0.040865384615384616 0.09615384615384616
2 0.1658653846153846 0.8112980769230769 0.04326923076923077 0.07211538461538461
2 0.16346153846153846 0.6634615384615384 0.05048076923076923 0.0673076923076923
2 0.19951923076923078 0.5132211538461539 0.036057692307692304 0.055288461538461536
2 0.13581730769230768 0.4375 0.038461538461538464 0.08173076923076923
2 0.14543269230769232 0.36177884615384615 0.036057692307692304 0.04807692307692308
2 0.21514423076923078 0.4326923076923077 0.03365384615384615 0.07692307692307693
2 0.24519230769230768 0.5865384615384616 0.028846153846153848 0.07692307692307693
2 0.27163461538461536 0.671875 0.040865384615384616 0.06009615384615385
2 0.2860576923076923 0.5324519230769231 0.03365384615384615 0.06009615384615385
2 0.3485576923076923 0.515625 0.038461538461538464 0.07451923076923077
2 0.3581730769230769 0.6045673076923077 0.038461538461538464 0.07692307692307693
2 0.30528846153846156 0.7776442307692307 0.03365384615384615 0.055288461538461536
2 0.21514423076923078 0.8641826923076923 0.03125 0.06971153846153846
2 0.2692307692307692 0.9519230769230769 0.03365384615384615 0.055288461538461536
2 0.20673076923076922 0.9615384615384616 0.038461538461538464 0.026442307692307692
2 0.3125 0.8665865384615384 0.028846153846153848 0.06009615384615385
2 0.014423076923076924 0.45072115384615385 0.028846153846153848 0.06009615384615385
2 0.02283653846153846 0.3329326923076923 0.028846153846153848 0.10336538461538461
1 0.06009615384615385 0.2644230769230769 0.028846153846153848 0.07211538461538461
1 0.2824519230769231 0.3137019230769231 0.04567307692307692 0.07451923076923077
1 0.18870192307692307 0.30288461538461536 0.04326923076923077 0.06971153846153846
1 0.6670673076923077 0.3329326923076923 0.04326923076923077 0.08413461538461539
1 0.5432692307692307 0.3401442307692308 0.038461538461538464 0.0673076923076923
1 0.796875 0.3485576923076923 0.040865384615384616 0.07932692307692307
2 0.3545673076923077 0.21754807692307693 0.04326923076923077 0.07932692307692307
2 0.1466346153846154 0.2283653846153846 0.04567307692307692 0.07692307692307693
2 0.14302884615384615 0.12620192307692307 0.03125 0.04567307692307692
2 0.171875 0.056490384615384616 0.038461538461538464 0.07211538461538461
2 0.23918269230769232 0.21995192307692307 0.05048076923076923 0.07211538461538461
2 0.23197115384615385 0.14182692307692307 0.036057692307692304 0.06971153846153846
2 0.4423076923076923 0.27283653846153844 0.03365384615384615 0.0673076923076923
2 0.4723557692307692 0.22355769230769232 0.026442307692307692 0.05048076923076923
2 0.43509615384615385 0.09134615384615384 0.036057692307692304 0.06490384615384616
2 0.3112980769230769 0.08173076923076923 0.03365384615384615 0.06971153846153846
2 0.6286057692307693 0.46634615384615385 0.040865384615384616 0.07932692307692307
2 0.5841346153846154 0.39663461538461536 0.036057692307692304 0.07211538461538461
2 0.421875 0.48197115384615385 0.040865384615384616 0.0625
2 0.3329326923076923 0.4411057692307692 0.038461538461538464 0.06490384615384616
2 0.44350961538461536 0.5973557692307693 0.038461538461538464 0.0625
2 0.4411057692307692 0.6814903846153846 0.04326923076923077 0.07451923076923077
2 0.3942307692307692 0.7548076923076923 0.038461538461538464 0.057692307692307696
2 0.39903846153846156 0.8245192307692307 0.040865384615384616 0.08173076923076923
2 0.4170673076923077 0.9326923076923077 0.036057692307692304 0.05048076923076923
2 0.7319711538461539 0.7680288461538461 0.03125 0.055288461538461536
2 0.6334134615384616 0.625 0.03365384615384615 0.0673076923076923
2 0.6802884615384616 0.5925480769230769 0.03365384615384615 0.06971153846153846
2 0.703125 0.4362980769230769 0.04326923076923077 0.0625
2 0.8341346153846154 0.4230769230769231 0.036057692307692304 0.06009615384615385
2 0.8149038461538461 0.578125 0.036057692307692304 0.07451923076923077
2 0.9314903846153846 0.6021634615384616 0.04807692307692308 0.08413461538461539
2 0.7740384615384616 0.5564903846153846 0.04326923076923077 0.06009615384615385
2 0.9002403846153846 0.5216346153846154 0.028846153846153848 0.06971153846153846
2 0.7596153846153846 0.6802884615384616 0.038461538461538464 0.06490384615384616
2 0.8401442307692307 0.7860576923076923 0.036057692307692304 0.05048076923076923
2 0.7992788461538461 0.8653846153846154 0.05048076923076923 0.10096153846153846
2 0.9242788461538461 0.7079326923076923 0.04326923076923077 0.0673076923076923
2 0.9579326923076923 0.7860576923076923 0.038461538461538464 0.06009615384615385
2 0.8966346153846154 0.8665865384615384 0.040865384615384616 0.06971153846153846
2 0.84375 0.9375 0.04567307692307692 0.0625
2 0.71875 0.9170673076923077 0.03365384615384615 0.07692307692307693
2 0.9014423076923077 0.9747596153846154 0.04326923076923077 0.04567307692307692
2 0.9471153846153846 0.9699519230769231 0.03365384615384615 0.055288461538461536
2 0.7283653846153846 0.984375 0.0625 0.026442307692307692
2 0.008413461538461538 0.7115384615384616 0.016826923076923076 0.07692307692307693