2 0.08413461538461539 0.4699519230769231 0.04567307692307692 0.07211538461538461
2 0.057692307692307696 0.5360576923076923 0.040865384615384616 0.0625
2 0.08653846153846154 0.6201923076923077 0.03365384615384615 0.055288461538461536
2 0.06971153846153846 0.6983173076923077 0.040865384615384616 0.07211538461538461
2 0.01201923076923077 0.7524038461538461 0.02403846153846154 0.0673076923076923
2 0.10216346153846154 0.7740384615384616 0.038461538461538464 0.057692307692307696
2 0.030048076923076924 0.8569711538461539 0.04807692307692308 0.07451923076923077
2 0.12860576923076922 0.8665865384615384 0.04567307692307692 0.09615384615384616
2 0.1502403846153846 0.7932692307692307 0.04567307692307692 0.07211538461538461
2 0.15504807692307693 0.6454326923076923 0.052884615384615384 0.06971153846153846
2 0.19951923076923078 0.49759615384615385 0.038461538461538464 0.055288461538461536
2 0.13942307692307693 0.41947115384615385 0.04326923076923077 0.08173076923076923
2 0.15264423076923078 0.34375 0.036057692307692304 0.04807692307692308
2 0.21875 0.4182692307692308 0.038461538461538464 0.07932692307692307
2 0.2403846153846154 0.5733173076923077 0.03365384615384615 0.07932692307692307
2 0.26322115384615385 0.6598557692307693 0.04567307692307692 0.06009615384615385
2 0.2848557692307692 0.5204326923076923 0.036057692307692304 0.0625
2 0.3485576923076923 0.5084134615384616 0.040865384615384616 0.07451923076923077
2 0.35336538461538464 0.5973557692307693 0.04326923076923077 0.07692307692307693
2 0.29086538461538464 0.7668269230769231 0.036057692307692304 0.057692307692307696
2 0.19591346153846154 0.8497596153846154 0.036057692307692304 0.07211538461538461
2 0.24519230769230768 0.9387019230769231 0.036057692307692304 0.057692307692307696
2 0.18269230769230768 0.9459134615384616 0.038461538461538464 0.028846153846153848
2 0.2932692307692308 0.8557692307692307 0.03125 0.0625
2 0.018028846153846152 0.4254807692307692 0.03125 0.06009615384615385
2 0.03125 0.3076923076923077 0.03365384615384615 0.10336538461538461
1 0.07211538461538461 0.24158653846153846 0.03365384615384615 0.07451923076923077
1 0.2920673076923077 0.3016826923076923 0.04807692307692308 0.07451923076923077
1 0.19951923076923078 0.28725961538461536 0.04567307692307692 0.06971153846153846
1 0.6754807692307693 0.34134615384615385 0.04807692307692308 0.08413461538461539
1 0.5516826923076923 0.3425480769230769 0.04326923076923077 0.0673076923076923
1 0.8040865384615384 0.3641826923076923 0.04326923076923077 0.07932692307692307
2 0.3701923076923077 0.21033653846153846 0.04567307692307692 0.07932692307692307
2 0.16105769230769232 0.21033653846153846 0.04807692307692308 0.07692307692307693
2 0.16346153846153846 0.10817307692307693 0.03365384615384615 0.04807692307692308
2 0.19591346153846154 0.039663461538461536 0.04326923076923077 0.07211538461538461
2 0.2548076923076923 0.20673076923076922 0.055288461538461536 0.07451923076923077
2 0.2512019230769231 0.12860576923076922 0.040865384615384616 0.06971153846153846
2 0.4543269230769231 0.2704326923076923 0.036057692307692304 0.06971153846153846
2 0.48677884615384615 0.22235576923076922 0.028846153846153848 0.052884615384615384
2 0.4567307692307692 0.0889423076923077 0.038461538461538464 0.06490384615384616
2 0.3329326923076923 0.07211538461538461 0.036057692307692304 0.07211538461538461
2 0.6298076923076923 0.4735576923076923 0.04326923076923077 0.07932692307692307
2 0.5889423076923077 0.4014423076923077 0.038461538461538464 0.07451923076923077
2 0.4230769230769231 0.47836538461538464 0.04326923076923077 0.0625
2 0.33653846153846156 0.43149038461538464 0.040865384615384616 0.06490384615384616
2 0.4387019230769231 0.5949519230769231 0.040865384615384616 0.0625
2 0.43149038461538464 0.6778846153846154 0.04567307692307692 0.07451923076923077
2 0.38100961538461536 0.7487980769230769 0.040865384615384616 0.057692307692307696
2 0.38221153846153844 0.8185096153846154 0.04326923076923077 0.08173076923076923
2 0.3954326923076923 0.9278846153846154 0.038461538461538464 0.05048076923076923
2 0.7175480769230769 0.7800480769230769 0.03365384615384615 0.057692307692307696
2 0.6274038461538461 0.6322115384615384 0.036057692307692304 0.06971153846153846
2 0.6754807692307693 0.6021634615384616 0.038461538461538464 0.07211538461538461
2 0.7067307692307693 0.44591346153846156 0.04567307692307692 0.0625
2 0.8377403846153846 0.4411057692307692 0.040865384615384616 0.06009615384615385
2 0.8112980769230769 0.5949519230769231 0.038461538461538464 0.07692307692307693
2 0.9254807692307693 0.6237980769230769 0.052884615384615384 0.08653846153846154
2 0.7704326923076923 0.5709134615384616 0.04567307692307692 0.06009615384615385
2 0.8978365384615384 0.5420673076923077 0.03365384615384615 0.07211538461538461
2 0.75 0.6935096153846154 0.040865384615384616 0.06490384615384616
2 0.8257211538461539 0.8028846153846154 0.038461538461538464 0.05048076923076923
2 0.7800480769230769 0.8810096153846154 0.055288461538461536 0.10336538461538461
2 0.9134615384615384 0.7307692307692307 0.04567307692307692 0.0673076923076923
2 0.9423076923076923 0.8100961538461539 0.040865384615384616 0.06009615384615385
2 0.8762019230769231 0.8870192307692307 0.04567307692307692 0.06971153846153846
2 0.8209134615384616 0.9555288461538461 0.04807692307692308 0.06490384615384616
2 0.6971153846153846 0.9278846153846154 0.038461538461538464 0.07932692307692307
2 0.875 0.9855769230769231 0.04807692307692308 0.02403846153846154
2 0.921875 0.9807692307692307 0.036057692307692304 0.03365384615384615
2 0.7019230769230769 0.9891826923076923 0.0625 0.016826923076923076