2 0.08515625 0.534375 0.0375 0.06875
2 0.06875 0.60546875 0.0359375 0.059375
2 0.11015625 0.68359375 0.0265625 0.0515625
2 0.10546875 0.76328125 0.034375 0.06875
2 0.046875 0.8265625 0.0359375 0.0609375
2 0.14921875 0.8328125 0.0328125 0.0546875
2 0.09140625 0.9265625 0.040625 0.071875
2 0.04140625 0.91796875 0.0296875 0.0515625
2 0.1890625 0.9203125 0.034375 0.0953125
2 0.20078125 0.84375 0.0390625 0.06875
2 0.1828125 0.69765625 0.0453125 0.0640625
2 0.20234375 0.5453125 0.034375 0.0515625
2 0.13125 0.4765625 0.034375 0.078125
2 0.1328125 0.39921875 0.03125 0.0453125
2 0.21015625 0.4625 0.028125 0.0765625
2 0.25546875 0.6125 0.0234375 0.0765625
2 0.28984375 0.6953125 0.0390625 0.05625
2 0.28984375 0.5546875 0.0296875 0.059375
2 0.35234375 0.53046875 0.034375 0.071875
2 0.36953125 0.61875 0.034375 0.0734375
2 0.3359375 0.796875 0.0296875 0.0546875
2 0.25390625 0.89296875 0.0265625 0.06875
2 0.3171875 0.971875 0.03125 0.053125
2 0.25625 0.98828125 0.0375 0.0203125
2 0.35234375 0.88359375 0.025 0.059375
2 0.028125 0.97421875 0.034375 0.0484375
2 0.01171875 0.5015625 0.0234375 0.05625
2 0.009375 0.38359375 0.01875 0.1015625
1 0.0375 0.31171875 0.0234375 0.071875
1 0.26328125 0.33671875 0.040625 0.071875
1 0.1703125 0.3359375 0.0390625 0.0671875
1 0.6484375 0.31640625 0.0390625 0.08125
1 0.52578125 0.33515625 0.0359375 0.0640625
1 0.7796875 0.31875 0.0359375 0.0765625
2 0.32578125 0.234375 0.0375 0.0765625
2 0.11953125 0.2671875 0.040625 0.0734375
2 0.10546875 0.16640625 0.028125 0.0453125
2 0.12734375 0.0921875 0.0359375 0.06875
2 0.21171875 0.2484375 0.046875 0.06875
2 0.196875 0.17265625 0.0328125 0.0671875
2 0.41953125 0.2796875 0.028125 0.0671875
2 0.44375 0.228125 0.0234375 0.05
2 0.39375 0.10078125 0.0328125 0.0609375
2 0.26875 0.10390625 0.028125 0.06875
2 0.62421875 0.453125 0.0359375 0.0765625
2 0.57265625 0.3875 0.0296875 0.071875
2 0.42109375 0.490625 0.0375 0.059375
2 0.32734375 0.45859375 0.034375 0.0609375
2 0.45390625 0.603125 0.034375 0.059375
2 0.46015625 0.68671875 0.0375 0.071875
2 0.421875 0.76484375 0.0359375 0.0546875
2 0.43359375 0.8328125 0.0359375 0.078125
2 0.46328125 0.93984375 0.034375 0.046875
2 0.75859375 0.74140625 0.0265625 0.0546875
2 0.646875 0.6109375 0.028125 0.0671875
2 0.6890625 0.5734375 0.0296875 0.06875
2 0.6953125 0.415625 0.0390625 0.059375
2 0.82421875 0.38828125 0.034375 0.05625
2 0.821875 0.5453125 0.0296875 0.0734375
2 0.9390625 0.55625 0.04375 0.08125
2 0.778125 0.528125 0.040625 0.05625
2 0.9 0.4796875 0.025 0.06875
2 0.7765625 0.653125 0.034375 0.0609375
2 0.86875 0.7484375 0.0328125 0.046875
2 0.83671875 0.83203125 0.04375 0.1
2 0.94375 0.66328125 0.0390625 0.0640625
2 0.9828125 0.73671875 0.03125 0.0578125
2 0.93203125 0.82265625 0.0375 0.0671875
2 0.8875 0.9 0.0421875 0.059375
2 0.7625 0.89140625 0.028125 0.0765625
2 0.95 0.95 0.0359375 0.08125
2 0.98984375 0.93359375 0.0171875 0.0796875
2 0.77734375 0.9703125 0.05625 0.0453125
2 0.021875 0.76328125 0.0328125 0.071875