2 0.0985576923076923 0.6129807692307693 0.05048076923076923 0.07451923076923077
2 0.09735576923076923 0.6850961538461539 0.04567307692307692 0.06490384615384616
2 0.15264423076923078 0.7548076923076923 0.036057692307692304 0.055288461538461536
2 0.16346153846153846 0.8329326923076923 0.04567307692307692 0.07451923076923077
2 0.11658653846153846 0.9074519230769231 0.04567307692307692 0.0673076923076923
2 0.21995192307692307 0.8942307692307693 0.040865384615384616 0.06009615384615385
2 0.1814903846153846 0.9771634615384616 0.055288461538461536 0.040865384615384616
2 0.12860576923076922 0.9831730769230769 0.040865384615384616 0.028846153846153848
2 0.2764423076923077 0.9591346153846154 0.052884615384615384 0.07692307692307693
2 0.27163461538461536 0.8954326923076923 0.05048076923076923 0.07451923076923077
2 0.22596153846153846 0.7548076923076923 0.057692307692307696 0.07211538461538461
2 0.21634615384615385 0.6009615384615384 0.04326923076923077 0.057692307692307696
2 0.13341346153846154 0.546875 0.04807692307692308 0.08413461538461539
2 0.1201923076923077 0.47115384615384615 0.040865384615384616 0.05048076923076923
2 0.20793269230769232 0.5192307692307693 0.04326923076923077 0.07932692307692307
2 0.28125 0.6574519230769231 0.038461538461538464 0.07932692307692307
2 0.3317307692307692 0.7307692307692307 0.04807692307692308 0.0625
2 0.30528846153846156 0.5925480769230769 0.040865384615384616 0.0625
2 0.3605769230769231 0.5588942307692307 0.04567307692307692 0.07692307692307693
2 0.3954326923076923 0.6418269230769231 0.04807692307692308 0.07932692307692307
2 0.3954326923076923 0.8221153846153846 0.038461538461538464 0.06009615384615385
2 0.33413461538461536 0.9326923076923077 0.040865384615384616 0.07211538461538461
2 0.41225961538461536 0.9831730769230769 0.040865384615384616 0.028846153846153848
2 0.42788461538461536 0.9050480769230769 0.036057692307692304 0.0625
2 0.021634615384615384 0.5949519230769231 0.036057692307692304 0.0625
2 0.008413461538461538 0.4807692307692308 0.016826923076923076 0.10576923076923077
1 0.014423076923076924 0.40384615384615385 0.028846153846153848 0.07692307692307693
1 0.23677884615384615 0.38461538461538464 0.052884615384615384 0.07692307692307693
1 0.14543269230769232 0.4026442307692308 0.05048076923076923 0.07211538461538461
1 0.6105769230769231 0.29086538461538464 0.052884615384615384 0.08653846153846154
1 0.49399038461538464 0.33413461538461536 0.04567307692307692 0.06971153846153846
1 0.7391826923076923 0.26802884615384615 0.04807692307692308 0.08173076923076923
2 0.27884615384615385 0.27163461538461536 0.05048076923076923 0.08173076923076923
2 0.08173076923076923 0.34375 0.052884615384615384 0.07932692307692307
2 0.04927884615384615 0.24639423076923078 0.036057692307692304 0.04807692307692308
2 0.056490384615384616 0.171875 0.04807692307692308 0.07451923076923077
2 0.16947115384615385 0.3088942307692308 0.06009615384615385 0.07692307692307693
2 0.13942307692307693 0.23677884615384615 0.04326923076923077 0.07211538461538461
2 0.3786057692307692 0.29927884615384615 0.040865384615384616 0.06971153846153846
2 0.39302884615384615 0.2439903846153846 0.03365384615384615 0.052884615384615384
2 0.31850961538461536 0.12860576923076922 0.04326923076923077 0.0673076923076923
2 0.1971153846153846 0.15504807692307693 0.040865384615384616 0.07211538461538461
2 0.6129807692307693 0.43028846153846156 0.04807692307692308 0.08173076923076923
2 0.5504807692307693 0.3762019230769231 0.04326923076923077 0.07451923076923077
2 0.4206730769230769 0.5060096153846154 0.04807692307692308 0.06490384615384616
2 0.32211538461538464 0.49278846153846156 0.04567307692307692 0.0673076923076923
2 0.47475961538461536 0.609375 0.04326923076923077 0.06490384615384616
2 0.4963942307692308 0.6911057692307693 0.05048076923076923 0.07692307692307693
2 0.4735576923076923 0.7752403846153846 0.04326923076923077 0.06009615384615385
2 0.4987980769230769 0.8389423076923077 0.04807692307692308 0.08413461538461539
2 0.5480769230769231 0.9387019230769231 0.040865384615384616 0.052884615384615384
2 0.8004807692307693 0.6875 0.036057692307692304 0.057692307692307696
2 0.6646634615384616 0.5805288461538461 0.040865384615384616 0.06971153846153846
2 0.6995192307692307 0.5360576923076923 0.04326923076923077 0.07211538461538461
2 0.6754807692307693 0.3786057692307692 0.04807692307692308 0.06490384615384616
2 0.796875 0.3293269230769231 0.04326923076923077 0.0625
2 0.8245192307692307 0.4831730769230769 0.04326923076923077 0.07692307692307693
2 0.9423076923076923 0.47115384615384615 0.057692307692307696 0.08653846153846154
2 0.7788461538461539 0.4735576923076923 0.05048076923076923 0.0625
2 0.8882211538461539 0.40384615384615385 0.038461538461538464 0.07211538461538461
2 0.8004807692307693 0.5973557692307693 0.04567307692307692 0.0673076923076923
2 0.9086538461538461 0.6730769230769231 0.040865384615384616 0.052884615384615384
2 0.8930288461538461 0.7620192307692307 0.0625 0.10576923076923077
2 0.9675480769230769 0.5757211538461539 0.05048076923076923 0.06971153846153846
2 0.9795673076923077 0.734375 0.036057692307692304 0.07451923076923077
2 0.9567307692307693 0.8185096153846154 0.052884615384615384 0.06490384615384616
2 0.8317307692307693 0.8353365384615384 0.04326923076923077 0.07932692307692307
2 0.8617788461538461 0.9086538461538461 0.0625 0.055288461538461536
2 0.08052884615384616 0.8497596153846154 0.04567307692307692 0.07692307692307693