2 0.09375 0.5921875 0.046875 0.0734375
2 0.0875 0.6640625 0.04375 0.0625
2 0.13984375 0.7359375 0.0328125 0.0546875
2 0.14609375 0.815625 0.04375 0.0734375
2 0.096875 0.88671875 0.04375 0.065625
2 0.19921875 0.878125 0.0390625 0.0578125
2 0.15546875 0.96953125 0.0515625 0.0578125
2 0.1046875 0.97421875 0.0375 0.0484375
2 0.25078125 0.95390625 0.0484375 0.0890625
2 0.2515625 0.88203125 0.0484375 0.0734375
2 0.2140625 0.73984375 0.053125 0.0703125
2 0.21171875 0.5859375 0.040625 0.05625
2 0.13203125 0.528125 0.0453125 0.0828125
2 0.121875 0.4515625 0.0375 0.0484375
2 0.2078125 0.50390625 0.0390625 0.0796875
2 0.27421875 0.64609375 0.034375 0.078125
2 0.31953125 0.72265625 0.0453125 0.0609375
2 0.29921875 0.5828125 0.0375 0.0625
2 0.3578125 0.55078125 0.04375 0.075
2 0.38671875 0.6359375 0.04375 0.078125
2 0.378125 0.81640625 0.0375 0.0578125
2 0.3109375 0.9234375 0.0359375 0.071875
2 0.38515625 0.98203125 0.0390625 0.0328125
2 0.40703125 0.90078125 0.0328125 0.0609375
2 0.01640625 0.56953125 0.03125 0.059375
2 0.00703125 0.453125 0.0140625 0.103125
1 0.01640625 0.378125 0.0328125 0.075
1 0.24296875 0.37109375 0.05 0.0765625
1 0.15078125 0.38359375 0.046875 0.071875
1 0.62109375 0.29765625 0.05 0.0859375
1 0.503125 0.33359375 0.04375 0.06875
1 0.7515625 0.28125 0.0453125 0.0796875
2 0.290625 0.2609375 0.046875 0.08125
2 0.090625 0.32265625 0.05 0.078125
2 0.06328125 0.22421875 0.034375 0.0484375
2 0.07421875 0.1484375 0.0453125 0.0734375
2 0.1796875 0.29140625 0.05625 0.075
2 0.15390625 0.21796875 0.040625 0.0703125
2 0.38984375 0.29296875 0.0375 0.0703125
2 0.40625 0.2390625 0.0296875 0.0515625
2 0.3390625 0.11953125 0.040625 0.065625
2 0.215625 0.13984375 0.0375 0.071875
2 0.61640625 0.43671875 0.0453125 0.0796875
2 0.55625 0.37890625 0.0390625 0.075
2 0.4203125 0.5015625 0.0453125 0.0640625
2 0.3234375 0.4828125 0.0421875 0.065625
2 0.46875 0.60859375 0.0421875 0.0625
2 0.48671875 0.690625 0.046875 0.0765625
2 0.459375 0.77265625 0.0421875 0.059375
2 0.48046875 0.83828125 0.046875 0.0828125
2 0.525 0.940625 0.0390625 0.0515625
2 0.78984375 0.703125 0.034375 0.0578125
2 0.66015625 0.5890625 0.0375 0.0703125
2 0.696875 0.54609375 0.0390625 0.071875
2 0.68203125 0.3890625 0.046875 0.0640625
2 0.80546875 0.34375 0.040625 0.0609375
2 0.825 0.5 0.040625 0.0765625
2 0.94296875 0.49453125 0.0546875 0.0859375
2 0.77890625 0.4890625 0.046875 0.0609375
2 0.89296875 0.42421875 0.034375 0.071875
2 0.7953125 0.61328125 0.0421875 0.065625
2 0.89921875 0.69453125 0.0375 0.0515625
2 0.8796875 0.78125 0.0578125 0.1046875
2 0.96171875 0.6 0.046875 0.06875
2 0.97265625 0.759375 0.0453125 0.071875
2 0.93984375 0.8421875 0.05 0.0640625
2 0.8140625 0.8515625 0.0390625 0.0796875
2 0.99140625 0.88359375 0.0140625 0.0859375
2 0.83984375 0.92734375 0.0625 0.053125
2 0.06328125 0.82734375 0.0421875 0.075