2 0.0875 0.55625 0.040625 0.0703125
2 0.075 0.62734375 0.0390625 0.0609375
2 0.1203125 0.70390625 0.0296875 0.053125
2 0.11953125 0.78359375 0.0375 0.0703125
2 0.06484375 0.85 0.0390625 0.0625
2 0.1671875 0.85078125 0.034375 0.05625
2 0.11484375 0.94765625 0.04375 0.0734375
2 0.0640625 0.94140625 0.0328125 0.053125
2 0.21171875 0.9359375 0.0390625 0.096875
2 0.21875 0.85859375 0.0421875 0.071875
2 0.19375 0.7140625 0.0484375 0.0671875
2 0.2046875 0.5609375 0.0359375 0.053125
2 0.13046875 0.49609375 0.0375 0.0796875
2 0.128125 0.41875 0.034375 0.046875
2 0.20859375 0.478125 0.0328125 0.078125
2 0.26171875 0.62578125 0.028125 0.0765625
2 0.30078125 0.70546875 0.040625 0.059375
2 0.29296875 0.565625 0.0328125 0.0609375
2 0.35390625 0.53828125 0.0375 0.0734375
2 0.37578125 0.625 0.0375 0.075
2 0.3515625 0.8046875 0.0328125 0.05625
2 0.27421875 0.9046875 0.03125 0.0703125
2 0.3421875 0.9765625 0.034375 0.04375
2 0.28203125 0.99375 0.0390625 0.009375
2 0.37265625 0.89140625 0.028125 0.059375
2 0.05234375 0.9859375 0.0359375 0.025
2 0.01328125 0.528125 0.0265625 0.059375
2 0.0078125 0.409375 0.015625 0.103125
1 0.028125 0.33671875 0.028125 0.071875
1 0.25546875 0.34921875 0.04375 0.0734375
1 0.1625 0.35390625 0.0421875 0.06875
1 0.63828125 0.30859375 0.04375 0.0828125
1 0.5171875 0.334375 0.0390625 0.065625
1 0.76953125 0.30390625 0.0390625 0.078125
2 0.3125 0.24375 0.040625 0.078125
2 0.1078125 0.2875 0.04375 0.0765625
2 0.0890625 0.1875 0.0296875 0.046875
2 0.10625 0.1125 0.0390625 0.0703125
2 0.19921875 0.2640625 0.05 0.071875
2 0.1796875 0.1890625 0.0359375 0.06875
2 0.4078125 0.284375 0.03125 0.06875
2 0.4296875 0.23125 0.0265625 0.05
2 0.3734375 0.10703125 0.0359375 0.0625
2 0.2484375 0.11640625 0.0328125 0.0703125
2 0.621875 0.446875 0.0390625 0.078125
2 0.56640625 0.384375 0.034375 0.0734375
2 0.4203125 0.49453125 0.040625 0.0609375
2 0.32578125 0.4671875 0.0375 0.0625
2 0.459375 0.60546875 0.0375 0.0609375
2 0.4703125 0.68828125 0.040625 0.0734375
2 0.4359375 0.76875 0.0375 0.05625
2 0.4515625 0.83515625 0.0390625 0.0796875
2 0.4859375 0.94140625 0.0359375 0.0484375
2 0.77109375 0.72734375 0.0296875 0.05625
2 0.65234375 0.603125 0.03125 0.06875
2 0.6921875 0.56328125 0.034375 0.0703125
2 0.690625 0.40546875 0.0421875 0.0609375
2 0.8171875 0.37109375 0.0359375 0.0578125
2 0.82421875 0.528125 0.034375 0.075
2 0.94140625 0.53359375 0.0484375 0.0828125
2 0.77890625 0.51328125 0.0421875 0.059375
2 0.8984375 0.45859375 0.0296875 0.0703125
2 0.784375 0.63828125 0.0375 0.0625
2 0.88125 0.72890625 0.034375 0.0484375
2 0.85390625 0.81328125 0.0484375 0.1015625
2 0.9515625 0.63984375 0.0421875 0.0671875
2 0.98828125 0.7109375 0.0203125 0.059375
2 0.9484375 0.8 0.040625 0.06875
2 0.9078125 0.8796875 0.0453125 0.0609375
2 0.7828125 0.87734375 0.0328125 0.078125
2 0.97265625 0.92578125 0.040625 0.0828125
2 0.8015625 0.95546875 0.0578125 0.0484375
2 0.0359375 0.7875 0.0359375 0.0734375