2 0.5997596153846154 0.8389423076923077 0.18028846153846154 0.20192307692307693
2 0.19110576923076922 0.9723557692307693 0.1658653846153846 0.05048076923076923
2 0.9555288461538461 0.6959134615384616 0.08413461538461539 0.16105769230769232
2 0.08653846153846154 0.7668269230769231 0.0985576923076923 0.14423076923076922
2 0.3401442307692308 0.7055288461538461 0.06490384615384616 0.07451923076923077
2 0.46153846153846156 0.8257211538461539 0.12259615384615384 0.17067307692307693
2 0.23557692307692307 0.546875 0.057692307692307696 0.07451923076923077
2 0.47475961538461536 0.5060096153846154 0.04326923076923077 0.057692307692307696
2 0.5264423076923077 0.5396634615384616 0.05048076923076923 0.06009615384615385
2 0.6021634615384616 0.5012019230769231 0.06971153846153846 0.07932692307692307
2 0.7512019230769231 0.41947115384615385 0.04807692307692308 0.0625
2 0.8329326923076923 0.3870192307692308 0.057692307692307696 0.07211538461538461
2 0.25721153846153844 0.4963942307692308 0.04326923076923077 0.055288461538461536
2 0.30528846153846156 0.5216346153846154 0.04807692307692308 0.057692307692307696
2 0.3713942307692308 0.43990384615384615 0.036057692307692304 0.04326923076923077
2 0.453125 0.4411057692307692 0.038461538461538464 0.040865384615384616
2 0.6875 0.3762019230769231 0.04326923076923077 0.0625
2 0.6935096153846154 0.2980769230769231 0.04567307692307692 0.055288461538461536
2 0.5733173076923077 0.3629807692307692 0.04326923076923077 0.055288461538461536
2 0.4074519230769231 0.3713942307692308 0.03125 0.038461538461538464
2 0.4651442307692308 0.38341346153846156 0.03125 0.038461538461538464
2 0.515625 0.3786057692307692 0.038461538461538464 0.04326923076923077
2 0.21394230769230768 0.46274038461538464 0.03365384615384615 0.04326923076923077
2 0.8978365384615384 0.23197115384615385 0.036057692307692304 0.05048076923076923
2 0.90625 0.3269230769230769 0.04807692307692308 0.07211538461538461
2 0.6262019230769231 0.3112980769230769 0.04326923076923077 0.052884615384615384
2 0.28365384615384615 0.40625 0.028846153846153848 0.036057692307692304
2 0.14783653846153846 0.47716346153846156 0.028846153846153848 0.03365384615384615
2 0.7524038461538461 0.24519230769230768 0.036057692307692304 0.04326923076923077
2 0.8557692307692307 0.25600961538461536 0.036057692307692304 0.055288461538461536
2 0.4266826923076923 0.6165865384615384 0.09134615384615384 0.10336538461538461