2 0.47115384615384615 0.8521634615384616 0.16105769230769232 0.1875
2 0.05048076923076923 0.8798076923076923 0.10096153846153846 0.14423076923076922
2 0.8725961538461539 0.8533653846153846 0.10817307692307693 0.15144230769230768
2 0.03125 0.6021634615384616 0.0625 0.14182692307692307
2 0.2776442307692308 0.6346153846153846 0.057692307692307696 0.06971153846153846
2 0.3473557692307692 0.7896634615384616 0.10576923076923077 0.16346153846153846
2 0.23557692307692307 0.4495192307692308 0.052884615384615384 0.06971153846153846
2 0.4735576923076923 0.4963942307692308 0.038461538461538464 0.055288461538461536
2 0.5096153846153846 0.5456730769230769 0.04567307692307692 0.055288461538461536
2 0.5949519230769231 0.5372596153846154 0.0625 0.07451923076923077
2 0.7632211538461539 0.515625 0.04326923076923077 0.06009615384615385
2 0.8509615384615384 0.5144230769230769 0.052884615384615384 0.0673076923076923
2 0.27524038461538464 0.4098557692307692 0.036057692307692304 0.052884615384615384
2 0.3112980769230769 0.45072115384615385 0.04326923076923077 0.055288461538461536
2 0.4014423076923077 0.39783653846153844 0.03125 0.040865384615384616
2 0.47716346153846156 0.42788461538461536 0.036057692307692304 0.038461538461538464
2 0.71875 0.4519230769230769 0.038461538461538464 0.06009615384615385
2 0.7536057692307693 0.38100961538461536 0.038461538461538464 0.052884615384615384
2 0.6177884615384616 0.39783653846153844 0.036057692307692304 0.052884615384615384
2 0.45913461538461536 0.3473557692307692 0.026442307692307692 0.036057692307692304
2 0.5084134615384616 0.3786057692307692 0.026442307692307692 0.038461538461538464
2 0.5576923076923077 0.3918269230769231 0.036057692307692304 0.038461538461538464
2 0.24639423076923078 0.36177884615384615 0.028846153846153848 0.040865384615384616
2 0.9675480769230769 0.39302884615384615 0.03125 0.05048076923076923
2 0.9411057692307693 0.484375 0.040865384615384616 0.06971153846153846
2 0.6850961538461539 0.36899038461538464 0.038461538461538464 0.05048076923076923
2 0.3317307692307692 0.33533653846153844 0.026442307692307692 0.03365384615384615
2 0.17908653846153846 0.35336538461538464 0.02403846153846154 0.03125
2 0.8269230769230769 0.35216346153846156 0.03125 0.040865384615384616
2 0.9194711538461539 0.40024038461538464 0.028846153846153848 0.052884615384615384
2 0.3894230769230769 0.5817307692307693 0.08413461538461539 0.09615384615384616