2 0.59296875 0.840625 0.1765625 0.2
2 0.1828125 0.9703125 0.165625 0.05625
2 0.9546875 0.70546875 0.0875 0.1609375
2 0.0828125 0.759375 0.0984375 0.1453125
2 0.3375 0.70234375 0.0640625 0.0734375
2 0.45546875 0.82421875 0.1203125 0.16875
2 0.2359375 0.54296875 0.059375 0.0734375
2 0.475 0.50546875 0.04375 0.0578125
2 0.52578125 0.53984375 0.05 0.059375
2 0.60234375 0.50234375 0.06875 0.0796875
2 0.753125 0.425 0.0484375 0.0625
2 0.834375 0.39296875 0.0578125 0.0703125
2 0.2578125 0.4921875 0.0421875 0.0546875
2 0.30546875 0.51875 0.046875 0.059375
2 0.37265625 0.4390625 0.0359375 0.04375
2 0.45390625 0.43984375 0.0390625 0.040625
2 0.68828125 0.3796875 0.04375 0.0625
2 0.696875 0.30234375 0.04375 0.0546875
2 0.57578125 0.3640625 0.0421875 0.0546875
2 0.409375 0.3703125 0.0296875 0.0375
2 0.46640625 0.3828125 0.0296875 0.0390625
2 0.51640625 0.378125 0.0390625 0.0421875
2 0.21484375 0.4578125 0.0328125 0.04375
2 0.9015625 0.2390625 0.034375 0.0515625
2 0.909375 0.33359375 0.046875 0.0703125
2 0.6296875 0.3125 0.04375 0.0515625
2 0.28515625 0.403125 0.028125 0.0359375
2 0.14765625 0.47109375 0.028125 0.0328125
2 0.75625 0.25 0.034375 0.04375
2 0.859375 0.26328125 0.034375 0.0546875
2 0.4234375 0.61484375 0.090625 0.1015625