2 0.5140625 0.853125 0.140625 0.171875
2 0.0734375 0.93359375 0.1390625 0.125
2 0.91328125 0.80546875 0.090625 0.1421875
2 0.03515625 0.65859375 0.0703125 0.1328125
2 0.29609375 0.6609375 0.05 0.0640625
2 0.38359375 0.80625 0.0890625 0.153125
2 0.2328125 0.48203125 0.0453125 0.065625
2 0.47421875 0.5 0.03125 0.053125
2 0.51640625 0.54453125 0.040625 0.053125
2 0.59921875 0.525 0.053125 0.06875
2 0.76328125 0.48359375 0.0359375 0.05625
2 0.85 0.47109375 0.0453125 0.0625
2 0.265625 0.4375 0.03125 0.05
2 0.30625 0.47421875 0.0359375 0.053125
2 0.38984375 0.41171875 0.028125 0.0390625
2 0.46875 0.43125 0.03125 0.034375
2 0.7109375 0.425 0.03125 0.05625
2 0.7359375 0.3515625 0.0328125 0.05
2 0.6046875 0.384375 0.03125 0.05
2 0.440625 0.353125 0.021875 0.034375
2 0.49375 0.378125 0.021875 0.034375
2 0.54375 0.38515625 0.03125 0.0375
2 0.23203125 0.39453125 0.025 0.0390625
2 0.95 0.3359375 0.025 0.046875
2 0.93671875 0.4296875 0.0328125 0.065625
2 0.66875 0.346875 0.034375 0.0453125
2 0.3125 0.35703125 0.021875 0.03125
2 0.16328125 0.39296875 0.021875 0.028125
2 0.80625 0.3140625 0.0265625 0.0390625
2 0.903125 0.35 0.0234375 0.05
2 0.4 0.59453125 0.0734375 0.0875