2 0.428125 0.84609375 0.178125 0.2015625
2 0.0328125 0.8171875 0.065625 0.15625
2 0.82734375 0.89609375 0.121875 0.159375
2 0.03125 0.5421875 0.0625 0.146875
2 0.26328125 0.60703125 0.0640625 0.075
2 0.31328125 0.76875 0.1234375 0.16875
2 0.2453125 0.41796875 0.059375 0.0734375
2 0.475 0.49375 0.04375 0.0578125
2 0.50546875 0.546875 0.0515625 0.0609375
2 0.58984375 0.5484375 0.06875 0.0796875
2 0.759375 0.54765625 0.0484375 0.0625
2 0.846875 0.55625 0.059375 0.071875
2 0.2875 0.3828125 0.0421875 0.0546875
2 0.31796875 0.428125 0.046875 0.059375
2 0.41484375 0.3875 0.0359375 0.04375
2 0.4859375 0.42578125 0.0390625 0.0421875
2 0.72265625 0.478125 0.04375 0.0625
2 0.76484375 0.41328125 0.04375 0.05625
2 0.6296875 0.41328125 0.0421875 0.0546875
2 0.478125 0.34296875 0.0296875 0.0375
2 0.5234375 0.38046875 0.03125 0.0390625
2 0.5703125 0.39921875 0.0390625 0.04375
2 0.265625 0.3328125 0.0328125 0.04375
2 0.9765625 0.45 0.0359375 0.0515625
2 0.940625 0.5375 0.046875 0.0703125
2 0.70078125 0.3921875 0.04375 0.0515625
2 0.35234375 0.315625 0.028125 0.0359375
2 0.19921875 0.31484375 0.028125 0.0328125
2 0.8421875 0.39375 0.0359375 0.04375
2 0.92734375 0.45234375 0.034375 0.0546875
2 0.38046875 0.5671875 0.0921875 0.103125