2 0.4831730769230769 0.8533653846153846 0.15625 0.18269230769230768
2 0.056490384615384616 0.8966346153846154 0.11298076923076923 0.13942307692307693
2 0.8858173076923077 0.8401442307692307 0.10336538461538461 0.14903846153846154
2 0.03245192307692308 0.6177884615384616 0.06490384615384616 0.13942307692307693
2 0.2824519230769231 0.6430288461538461 0.055288461538461536 0.0673076923076923
2 0.35697115384615385 0.7956730769230769 0.10096153846153846 0.15865384615384615
2 0.234375 0.45913461538461536 0.05048076923076923 0.06971153846153846
2 0.4735576923076923 0.49759615384615385 0.036057692307692304 0.055288461538461536
2 0.5120192307692307 0.5456730769230769 0.04326923076923077 0.055288461538461536
2 0.5961538461538461 0.5336538461538461 0.06009615384615385 0.07211538461538461
2 0.7632211538461539 0.5060096153846154 0.040865384615384616 0.06009615384615385
2 0.8509615384615384 0.5012019230769231 0.05048076923076923 0.0673076923076923
2 0.27163461538461536 0.4170673076923077 0.036057692307692304 0.052884615384615384
2 0.31009615384615385 0.4567307692307692 0.040865384615384616 0.055288461538461536
2 0.39783653846153844 0.4014423076923077 0.03125 0.040865384615384616
2 0.47475961538461536 0.42908653846153844 0.03365384615384615 0.038461538461538464
2 0.7175480769230769 0.44471153846153844 0.036057692307692304 0.06009615384615385
2 0.7487980769230769 0.37259615384615385 0.038461538461538464 0.052884615384615384
2 0.6141826923076923 0.3942307692307692 0.036057692307692304 0.052884615384615384
2 0.4543269230769231 0.3485576923076923 0.026442307692307692 0.036057692307692304
2 0.5048076923076923 0.3786057692307692 0.026442307692307692 0.036057692307692304
2 0.5540865384615384 0.390625 0.03365384615384615 0.038461538461538464
2 0.24278846153846154 0.3713942307692308 0.026442307692307692 0.040865384615384616
2 0.9627403846153846 0.3762019230769231 0.028846153846153848 0.04807692307692308
2 0.9411057692307693 0.46875 0.038461538461538464 0.0673076923076923
2 0.6814903846153846 0.3629807692307692 0.038461538461538464 0.04807692307692308
2 0.32572115384615385 0.34134615384615385 0.02403846153846154 0.03365384615384615
2 0.17427884615384615 0.3641826923076923 0.02403846153846154 0.03125
2 0.8221153846153846 0.34134615384615385 0.028846153846153848 0.040865384615384616
2 0.9158653846153846 0.3858173076923077 0.028846153846153848 0.052884615384615384
2 0.3918269230769231 0.5853365384615384 0.08173076923076923 0.09375