2 0.1609375 0.31796875 0.0328125 0.0828125
2 0.340625 0.3140625 0.0390625 0.090625
2 0.2421875 0.28515625 0.0328125 0.08125
2 0.23203125 0.35390625 0.0328125 0.0921875
2 0.4578125 0.18359375 0.0375 0.1234375
2 0.01875 0.3265625 0.0296875 0.103125
2 0.0484375 0.33515625 0.040625 0.1046875
2 0.5609375 0.22421875 0.0265625 0.065625
2 0.3671875 0.2328125 0.053125 0.0953125
2 0.30703125 0.21640625 0.025 0.071875
2 0.8953125 0.1765625 0.034375 0.0859375
2 0.78203125 0.190625 0.0296875 0.053125
2 0.71015625 0.1953125 0.025 0.046875
2 0.96875 0.15 0.021875 0.046875
1 0.684375 0.3 0.0375 0.0921875