2 0.178125 0.2890625 0.034375 0.0828125
2 0.35703125 0.30078125 0.040625 0.090625
2 0.26171875 0.2640625 0.034375 0.08125
2 0.24609375 0.33125 0.034375 0.0921875
2 0.48515625 0.18046875 0.040625 0.1234375
2 0.0359375 0.2859375 0.03125 0.103125
2 0.06484375 0.29609375 0.0421875 0.1046875
2 0.584375 0.23046875 0.028125 0.065625
2 0.390625 0.221875 0.0546875 0.0953125
2 0.3328125 0.20078125 0.0265625 0.071875
2 0.921875 0.2125 0.0359375 0.0859375
2 0.80859375 0.21640625 0.03125 0.053125
2 0.7359375 0.21484375 0.025 0.0484375
2 0.9921875 0.1921875 0.0125 0.05
1 0.7015625 0.31640625 0.0390625 0.0921875