2 0.1814903846153846 0.28365384615384615 0.036057692307692304 0.08413461538461539
2 0.359375 0.2980769230769231 0.04326923076923077 0.09134615384615384
2 0.265625 0.25961538461538464 0.036057692307692304 0.08173076923076923
2 0.24879807692307693 0.3269230769230769 0.036057692307692304 0.09375
2 0.49158653846153844 0.18028846153846154 0.04326923076923077 0.125
2 0.038461538461538464 0.2776442307692308 0.03125 0.10336538461538461
2 0.06850961538461539 0.28966346153846156 0.04326923076923077 0.10576923076923077
2 0.5889423076923077 0.23197115384615385 0.028846153846153848 0.06490384615384616
2 0.3954326923076923 0.21995192307692307 0.057692307692307696 0.09615384615384616
2 0.33774038461538464 0.19831730769230768 0.028846153846153848 0.07211538461538461
2 0.9266826923076923 0.21995192307692307 0.038461538461538464 0.08653846153846154
2 0.8137019230769231 0.22235576923076922 0.03125 0.052884615384615384
2 0.7415865384615384 0.21875 0.026442307692307692 0.04807692307692308
2 0.9939903846153846 0.203125 0.007211538461538462 0.05048076923076923
1 0.7043269230769231 0.31971153846153844 0.040865384615384616 0.09134615384615384