2 0.15745192307692307 0.3245192307692308 0.03365384615384615 0.08413461538461539
2 0.33653846153846156 0.3173076923076923 0.040865384615384616 0.09134615384615384
2 0.23918269230769232 0.28966346153846156 0.03365384615384615 0.08173076923076923
2 0.22956730769230768 0.359375 0.03365384615384615 0.09375
2 0.4519230769230769 0.18389423076923078 0.040865384615384616 0.125
2 0.015625 0.33533653846153844 0.03125 0.10336538461538461
2 0.046875 0.34375 0.04326923076923077 0.10576923076923077
2 0.5552884615384616 0.22235576923076922 0.028846153846153848 0.06490384615384616
2 0.36177884615384615 0.23557692307692307 0.055288461538461536 0.09615384615384616
2 0.30288461538461536 0.21995192307692307 0.026442307692307692 0.07211538461538461
2 0.8894230769230769 0.17067307692307693 0.036057692307692304 0.08653846153846154
2 0.7776442307692307 0.18629807692307693 0.03125 0.052884615384615384
2 0.7055288461538461 0.19230769230769232 0.026442307692307692 0.04807692307692308
2 0.9627403846153846 0.14182692307692307 0.02403846153846154 0.04807692307692308
1 0.6802884615384616 0.296875 0.038461538461538464 0.09134615384615384