2 0.128125 0.39921875 0.05 0.0875
2 0.30234375 0.3546875 0.0578125 0.0953125
2 0.20078125 0.34921875 0.05 0.0859375
2 0.20625 0.41796875 0.0515625 0.0953125
2 0.3875 0.20078125 0.0640625 0.1265625
2 0.009375 0.440625 0.01875 0.10625
2 0.028125 0.44140625 0.05625 0.1109375
2 0.496875 0.21796875 0.040625 0.06875
2 0.31015625 0.26953125 0.071875 0.103125
2 0.2484375 0.2671875 0.040625 0.075
2 0.8125 0.09609375 0.053125 0.0890625
2 0.70546875 0.13515625 0.040625 0.0578125
2 0.6359375 0.15625 0.034375 0.0515625
2 0.878125 0.053125 0.03125 0.05
1 0.634375 0.26328125 0.05625 0.096875