2 0.14543269230769232 0.3485576923076923 0.040865384615384616 0.08413461538461539
2 0.3245192307692308 0.3293269230769231 0.04807692307692308 0.09375
2 0.2247596153846154 0.3088942307692308 0.038461538461538464 0.08413461538461539
2 0.21995192307692307 0.3786057692307692 0.040865384615384616 0.09375
2 0.43028846153846156 0.1875 0.04807692307692308 0.125
2 0.013221153846153846 0.3701923076923077 0.026442307692307692 0.10576923076923077
2 0.036057692307692304 0.375 0.05048076923076923 0.10817307692307693
2 0.5360576923076923 0.21995192307692307 0.03365384615384615 0.0673076923076923
2 0.34375 0.24519230769230768 0.0625 0.0985576923076923
2 0.28365384615384615 0.234375 0.03125 0.07211538461538461
2 0.8653846153846154 0.14423076923076922 0.04326923076923077 0.08653846153846154
2 0.7548076923076923 0.16706730769230768 0.03365384615384615 0.055288461538461536
2 0.6838942307692307 0.1778846153846154 0.028846153846153848 0.05048076923076923
2 0.9362980769230769 0.11057692307692307 0.026442307692307692 0.04807692307692308
1 0.6658653846153846 0.2848557692307692 0.04567307692307692 0.09375