1 0.5120192307692307 0.6466346153846154 0.0985576923076923 0.1466346153846154
1 0.7211538461538461 0.49158653846153844 0.10336538461538461 0.15625
1 0.2536057692307692 0.6634615384615384 0.08653846153846154 0.13701923076923078
1 0.4519230769230769 0.4423076923076923 0.0889423076923077 0.0985576923076923
1 0.234375 0.14903846153846154 0.0673076923076923 0.09375
1 0.44591346153846156 0.21875 0.06490384615384616 0.11298076923076923
1 0.5396634615384616 0.16346153846153846 0.06009615384615385 0.09375
1 0.7271634615384616 0.21875 0.06490384615384616 0.09134615384615384
2 0.9399038461538461 0.21754807692307693 0.0673076923076923 0.10817307692307693
1 0.6838942307692307 0.0985576923076923 0.0673076923076923 0.0889423076923077
1 0.40865384615384615 0.054086538461538464 0.06009615384615385 0.07692307692307693
0 0.9026442307692307 0.10817307692307693 0.0625 0.0985576923076923