1 0.5168269230769231 0.6454326923076923 0.09375 0.14423076923076922
1 0.7199519230769231 0.4831730769230769 0.0985576923076923 0.15384615384615385
1 0.25961538461538464 0.671875 0.08173076923076923 0.1346153846153846
1 0.45072115384615385 0.44350961538461536 0.08653846153846154 0.09615384615384616
1 0.22235576923076922 0.15865384615384615 0.06490384615384616 0.09134615384615384
1 0.4362980769230769 0.22115384615384615 0.0625 0.11298076923076923
1 0.5288461538461539 0.1622596153846154 0.057692307692307696 0.09134615384615384
1 0.7175480769230769 0.21153846153846154 0.0625 0.0889423076923077
2 0.9302884615384616 0.20192307692307693 0.06490384615384616 0.10576923076923077
1 0.6694711538461539 0.09254807692307693 0.06490384615384616 0.0889423076923077
1 0.39302884615384615 0.057692307692307696 0.057692307692307696 0.07692307692307693
0 0.8882211538461539 0.09495192307692307 0.057692307692307696 0.0985576923076923