1 0.5228365384615384 0.6454326923076923 0.0889423076923077 0.14182692307692307
1 0.7199519230769231 0.47596153846153844 0.09375 0.15144230769230768
1 0.265625 0.6802884615384616 0.07932692307692307 0.13221153846153846
1 0.4483173076923077 0.44591346153846156 0.08413461538461539 0.09375
1 0.21153846153846154 0.16947115384615385 0.06009615384615385 0.09134615384615384
1 0.4266826923076923 0.22355769230769232 0.057692307692307696 0.11057692307692307
1 0.5168269230769231 0.16105769230769232 0.055288461538461536 0.09134615384615384
1 0.7079326923076923 0.203125 0.057692307692307696 0.08653846153846154
2 0.9194711538461539 0.1875 0.06009615384615385 0.10336538461538461
1 0.6550480769230769 0.08653846153846154 0.0625 0.08653846153846154
1 0.37740384615384615 0.06129807692307692 0.055288461538461536 0.07451923076923077
0 0.8737980769230769 0.08173076923076923 0.055288461538461536 0.09615384615384616