2 0.19110576923076922 0.5564903846153846 0.08173076923076923 0.15144230769230768
2 0.33413461538461536 0.5168269230769231 0.08413461538461539 0.1778846153846154
2 0.6057692307692307 0.6598557692307693 0.09134615384615384 0.18509615384615385
2 0.5625 0.2980769230769231 0.08173076923076923 0.17067307692307693
2 0.7271634615384616 0.16947115384615385 0.0673076923076923 0.125
2 0.2800480769230769 0.23076923076923078 0.07692307692307693 0.15865384615384615
2 0.19951923076923078 0.38461538461538464 0.07211538461538461 0.13221153846153846
2 0.14543269230769232 0.25600961538461536 0.08173076923076923 0.15384615384615385
2 0.6274038461538461 0.48677884615384615 0.07692307692307693 0.12740384615384615
2 0.96875 0.38822115384615385 0.057692307692307696 0.12740384615384615
1 0.44471153846153844 0.5432692307692307 0.10576923076923077 0.21153846153846154
1 0.8737980769230769 0.6634615384615384 0.09375 0.2283653846153846