2 0.21153846153846154 0.6237980769230769 0.0889423076923077 0.15384615384615385
2 0.3425480769230769 0.5540865384615384 0.09134615384615384 0.18028846153846154
2 0.6382211538461539 0.6322115384615384 0.10096153846153846 0.1875
2 0.515625 0.28966346153846156 0.09134615384615384 0.17307692307692307
2 0.6466346153846154 0.12740384615384615 0.07211538461538461 0.12740384615384615
2 0.2247596153846154 0.28725961538461536 0.08653846153846154 0.16105769230769232
2 0.1814903846153846 0.4543269230769231 0.07932692307692307 0.1346153846153846
2 0.09975961538461539 0.3425480769230769 0.0889423076923077 0.15625
2 0.6213942307692307 0.45913461538461536 0.08413461538461539 0.12980769230769232
2 0.9338942307692307 0.2848557692307692 0.0673076923076923 0.125
1 0.45552884615384615 0.5552884615384616 0.11538461538461539 0.21394230769230768
1 0.9014423076923077 0.5745192307692307 0.10576923076923077 0.23076923076923078