2 0.12379807692307693 0.13701923076923078 0.036057692307692304 0.0673076923076923
2 0.234375 0.14783653846153846 0.036057692307692304 0.06009615384615385
2 0.43028846153846156 0.18870192307692307 0.05048076923076923 0.0889423076923077
2 0.5685096153846154 0.0625 0.036057692307692304 0.06971153846153846
2 0.7103365384615384 0.036057692307692304 0.038461538461538464 0.06971153846153846
2 0.7391826923076923 0.003605769230769231 0.026442307692307692 0.007211538461538462
2 0.4170673076923077 0.016826923076923076 0.021634615384615384 0.02403846153846154
2 0.3161057692307692 0.07211538461538461 0.014423076923076924 0.03365384615384615
2 0.19831730769230768 0.09134615384615384 0.016826923076923076 0.036057692307692304
2 0.8497596153846154 0.10216346153846154 0.016826923076923076 0.02403846153846154
2 0.9122596153846154 0.10817307692307693 0.016826923076923076 0.028846153846153848