2 0.18028846153846154 0.2620192307692308 0.057692307692307696 0.0985576923076923
2 0.28725961538461536 0.23557692307692307 0.052884615384615384 0.08413461538461539
2 0.3425480769230769 0.328125 0.052884615384615384 0.09134615384615384
2 0.43509615384615385 0.2956730769230769 0.057692307692307696 0.08653846153846154
2 0.5060096153846154 0.38461538461538464 0.052884615384615384 0.07211538461538461
2 0.5877403846153846 0.36658653846153844 0.04567307692307692 0.07211538461538461
2 0.6394230769230769 0.42788461538461536 0.040865384615384616 0.0673076923076923
2 0.7163461538461539 0.4014423076923077 0.055288461538461536 0.07451923076923077
2 0.7956730769230769 0.48677884615384615 0.06009615384615385 0.07692307692307693
2 0.8641826923076923 0.5276442307692307 0.04807692307692308 0.0673076923076923
2 0.9254807692307693 0.5504807692307693 0.04807692307692308 0.06971153846153846