2 0.15745192307692307 0.296875 0.04807692307692308 0.09615384615384616
2 0.2608173076923077 0.25841346153846156 0.04567307692307692 0.08173076923076923
2 0.3245192307692308 0.34615384615384615 0.04567307692307692 0.0889423076923077
2 0.41466346153846156 0.30408653846153844 0.05048076923076923 0.08653846153846154
2 0.49399038461538464 0.38461538461538464 0.04807692307692308 0.06971153846153846
2 0.5733173076923077 0.3581730769230769 0.040865384615384616 0.07211538461538461
2 0.6310096153846154 0.41346153846153844 0.03365384615384615 0.06490384615384616
2 0.7055288461538461 0.3786057692307692 0.04807692307692308 0.07211538461538461
2 0.7932692307692307 0.4567307692307692 0.055288461538461536 0.07451923076923077
2 0.8653846153846154 0.4891826923076923 0.04326923076923077 0.06490384615384616
2 0.9290865384615384 0.5060096153846154 0.04326923076923077 0.0673076923076923