2 0.125 0.36658653846153844 0.038461538461538464 0.09375
2 0.21875 0.3088942307692308 0.036057692307692304 0.07692307692307693
2 0.2980769230769231 0.38221153846153844 0.036057692307692304 0.08653846153846154
2 0.3786057692307692 0.3233173076923077 0.040865384615384616 0.08173076923076923
2 0.4723557692307692 0.38822115384615385 0.038461538461538464 0.0673076923076923
2 0.5456730769230769 0.3473557692307692 0.03125 0.0673076923076923
2 0.6117788461538461 0.390625 0.026442307692307692 0.0625
2 0.6790865384615384 0.3425480769230769 0.040865384615384616 0.06971153846153846
2 0.7788461538461539 0.4014423076923077 0.04567307692307692 0.06971153846153846
2 0.8569711538461539 0.4206730769230769 0.036057692307692304 0.06009615384615385
2 0.921875 0.42427884615384615 0.036057692307692304 0.0625