1 0.9206730769230769 0.13581730769230768 0.125 0.25240384615384615
1 0.49158653846153844 0.40625 0.06971153846153846 0.13942307692307693
1 0.24158653846153846 0.46875 0.09615384615384616 0.1778846153846154
1 0.09014423076923077 0.5576923076923077 0.11298076923076923 0.2091346153846154
1 0.22716346153846154 0.8233173076923077 0.15144230769230768 0.22596153846153846
1 0.6526442307692307 0.3858173076923077 0.04567307692307692 0.08653846153846154
1 0.7487980769230769 0.34375 0.036057692307692304 0.0625
1 0.7163461538461539 0.375 0.03125 0.055288461538461536
1 0.6911057692307693 0.3473557692307692 0.038461538461538464 0.06490384615384616
1 0.1935096153846154 0.3581730769230769 0.040865384615384616 0.07211538461538461
1 0.15985576923076922 0.36899038461538464 0.057692307692307696 0.08653846153846154
1 0.10096153846153846 0.2644230769230769 0.05048076923076923 0.08413461538461539