1 0.9519230769230769 0.20552884615384615 0.09134615384615384 0.25721153846153844
1 0.5060096153846154 0.40625 0.07211538461538461 0.13942307692307693
1 0.24879807692307693 0.42908653846153844 0.10096153846153846 0.1778846153846154
1 0.08533653846153846 0.49278846153846156 0.11778846153846154 0.2091346153846154
1 0.18028846153846154 0.7776442307692307 0.15625 0.2283653846153846
1 0.6682692307692307 0.4110576923076923 0.04567307692307692 0.08653846153846154
1 0.7704326923076923 0.38461538461538464 0.038461538461538464 0.0625
1 0.7331730769230769 0.4110576923076923 0.03125 0.055288461538461536
1 0.7127403846153846 0.3786057692307692 0.040865384615384616 0.0673076923076923
1 0.21995192307692307 0.3125 0.04326923076923077 0.07211538461538461
1 0.18389423076923078 0.31850961538461536 0.06009615384615385 0.0889423076923077
1 0.14302884615384615 0.20432692307692307 0.05048076923076923 0.08413461538461539