1 0.9543269230769231 0.21514423076923078 0.08653846153846154 0.25721153846153844
1 0.5072115384615384 0.40625 0.07451923076923077 0.13942307692307693
1 0.25 0.42427884615384615 0.10336538461538461 0.18028846153846154
1 0.08533653846153846 0.4855769230769231 0.1201923076923077 0.21153846153846154
1 0.17548076923076922 0.7716346153846154 0.15865384615384615 0.2283653846153846
1 0.6694711538461539 0.41346153846153844 0.04807692307692308 0.0889423076923077
1 0.7728365384615384 0.3894230769230769 0.038461538461538464 0.0625
1 0.734375 0.41466346153846156 0.03125 0.055288461538461536
1 0.7151442307692307 0.38221153846153844 0.040865384615384616 0.0673076923076923
1 0.22235576923076922 0.3076923076923077 0.04326923076923077 0.07211538461538461
1 0.1875 0.3125 0.0625 0.0889423076923077
1 0.14903846153846154 0.19831730769230768 0.052884615384615384 0.08413461538461539