1 0.14783653846153846 0.171875 0.052884615384615384 0.0889423076923077
1 0.2920673076923077 0.2776442307692308 0.04326923076923077 0.07211538461538461
1 0.4254807692307692 0.2439903846153846 0.057692307692307696 0.08413461538461539
1 0.546875 0.24879807692307693 0.04567307692307692 0.10576923076923077
1 0.2800480769230769 0.4050480769230769 0.04326923076923077 0.0985576923076923
1 0.42788461538461536 0.4230769230769231 0.057692307692307696 0.07692307692307693
1 0.5853365384615384 0.4375 0.040865384615384616 0.08653846153846154
1 0.6995192307692307 0.40865384615384615 0.04326923076923077 0.08413461538461539
1 0.6538461538461539 0.24158653846153846 0.038461538461538464 0.06009615384615385
1 0.8257211538461539 0.3629807692307692 0.04326923076923077 0.08413461538461539
1 0.9134615384615384 0.3918269230769231 0.057692307692307696 0.08173076923076923