1 0.1971153846153846 0.12620192307692307 0.04807692307692308 0.0889423076923077
1 0.32572115384615385 0.2512019230769231 0.040865384615384616 0.06971153846153846
1 0.46153846153846156 0.23557692307692307 0.055288461538461536 0.08413461538461539
1 0.5817307692307693 0.25721153846153844 0.04326923076923077 0.10336538461538461
1 0.2956730769230769 0.375 0.040865384615384616 0.0985576923076923
1 0.43990384615384615 0.41346153846153844 0.055288461538461536 0.07692307692307693
1 0.5925480769230769 0.4495192307692308 0.038461538461538464 0.08653846153846154
1 0.7103365384615384 0.4375 0.040865384615384616 0.08173076923076923
1 0.6875 0.265625 0.036057692307692304 0.06009615384615385
1 0.8413461538461539 0.4098557692307692 0.040865384615384616 0.08413461538461539
1 0.9254807692307693 0.4495192307692308 0.055288461538461536 0.08173076923076923