1 0.2668269230769231 0.07932692307692307 0.0625 0.09375
1 0.3713942307692308 0.2247596153846154 0.052884615384615384 0.07451923076923077
1 0.5084134615384616 0.23317307692307693 0.0673076923076923 0.0889423076923077
1 0.6225961538461539 0.27524038461538464 0.06009615384615385 0.10817307692307693
1 0.32091346153846156 0.34134615384615385 0.055288461538461536 0.10096153846153846
1 0.45552884615384615 0.4050480769230769 0.06490384615384616 0.08173076923076923
1 0.5997596153846154 0.46634615384615385 0.052884615384615384 0.0889423076923077
1 0.7175480769230769 0.47475961538461536 0.052884615384615384 0.08653846153846154
1 0.7259615384615384 0.3016826923076923 0.04567307692307692 0.06490384615384616
1 0.8521634615384616 0.4699519230769231 0.052884615384615384 0.0889423076923077
1 0.9278846153846154 0.5240384615384616 0.0673076923076923 0.08653846153846154