2 0.21514423076923078 0.5793269230769231 0.08653846153846154 0.16346153846153846
2 0.40865384615384615 0.5829326923076923 0.09615384615384616 0.14903846153846154
2 0.8521634615384616 0.39663461538461536 0.08173076923076923 0.1346153846153846
2 0.33052884615384615 0.11057692307692307 0.04326923076923077 0.06971153846153846
2 0.421875 0.039663461538461536 0.038461538461538464 0.055288461538461536
2 0.5432692307692307 0.06490384615384616 0.040865384615384616 0.08173076923076923
2 0.6502403846153846 0.11899038461538461 0.040865384615384616 0.0673076923076923
2 0.7379807692307693 0.027644230769230768 0.038461538461538464 0.055288461538461536
2 0.6646634615384616 0.030048076923076924 0.040865384615384616 0.06009615384615385
2 0.7848557692307693 0.030048076923076924 0.036057692307692304 0.06009615384615385
2 0.8197115384615384 0.018028846153846152 0.038461538461538464 0.036057692307692304