2 0.21875 0.5889423076923077 0.09134615384615384 0.1658653846153846
2 0.4110576923076923 0.5853365384615384 0.10096153846153846 0.14903846153846154
2 0.8485576923076923 0.38461538461538464 0.08653846153846154 0.1346153846153846
2 0.3161057692307692 0.11658653846153846 0.04326923076923077 0.07211538461538461
2 0.40625 0.04326923076923077 0.040865384615384616 0.057692307692307696
2 0.5276442307692307 0.06370192307692307 0.04326923076923077 0.08173076923076923
2 0.6370192307692307 0.11298076923076923 0.04326923076923077 0.0673076923076923
2 0.7199519230769231 0.025240384615384616 0.040865384615384616 0.05048076923076923
2 0.6490384615384616 0.027644230769230768 0.04326923076923077 0.055288461538461536
2 0.7692307692307693 0.026442307692307692 0.038461538461538464 0.052884615384615384
2 0.8040865384615384 0.01201923076923077 0.040865384615384616 0.02403846153846154