2 0.20432692307692307 0.49278846153846156 0.08413461538461539 0.16346153846153846
2 0.38822115384615385 0.5516826923076923 0.09375 0.1466346153846154
2 0.8665865384615384 0.5048076923076923 0.07932692307692307 0.1346153846153846
2 0.45072115384615385 0.078125 0.040865384615384616 0.06971153846153846
2 0.5600961538461539 0.037259615384615384 0.038461538461538464 0.055288461538461536
2 0.6682692307692307 0.09615384615384616 0.038461538461538464 0.08173076923076923
2 0.7548076923076923 0.17908653846153846 0.038461538461538464 0.0673076923076923
2 0.8665865384615384 0.11177884615384616 0.036057692307692304 0.06490384615384616
2 0.7980769230769231 0.08653846153846154 0.038461538461538464 0.08173076923076923
2 0.9110576923076923 0.1310096153846154 0.03365384615384615 0.06490384615384616
2 0.9519230769230769 0.11538461538461539 0.036057692307692304 0.0673076923076923