1 0.03671875 0.3 0.0734375 0.121875
1 0.13046875 0.340625 0.06875 0.096875
1 0.30625 0.28984375 0.0765625 0.1296875
1 0.446875 0.47421875 0.075 0.1109375
1 0.5125 0.21796875 0.065625 0.1
1 0.675 0.278125 0.0671875 0.10625
1 0.8796875 0.125 0.0640625 0.1015625
1 0.6984375 0.1578125 0.05625 0.09375
1 0.42421875 0.2375 0.046875 0.0703125
1 0.35625 0.2515625 0.065625 0.090625
1 0.5640625 0.23671875 0.05625 0.0953125
1 0.23359375 0.21015625 0.0484375 0.0859375
2 0.74453125 0.1578125 0.0578125 0.0875
1 0.81171875 0.1078125 0.06875 0.1125
1 0.6046875 0.24375 0.06875 0.1421875
1 0.46484375 0.20703125 0.0609375 0.103125