1 0.10625 0.17890625 0.06875 0.1171875
1 0.1890625 0.2453125 0.059375 0.09375
1 0.371875 0.24453125 0.065625 0.1265625
1 0.45546875 0.4609375 0.065625 0.10625
1 0.58984375 0.2328125 0.05625 0.096875
1 0.7296875 0.33515625 0.0578125 0.103125
1 0.96875 0.24453125 0.0546875 0.0984375
1 0.78515625 0.22578125 0.046875 0.090625
1 0.49921875 0.22734375 0.040625 0.0671875
1 0.43046875 0.221875 0.05625 0.0875
1 0.634375 0.26484375 0.046875 0.0921875
1 0.3234375 0.1484375 0.040625 0.0828125
2 0.8296875 0.23828125 0.05 0.084375
1 0.9078125 0.20859375 0.059375 0.109375
1 0.67109375 0.2828125 0.0546875 0.1390625
1 0.546875 0.20859375 0.0515625 0.1