1 0.036057692307692304 0.31009615384615385 0.07211538461538461 0.125
1 0.12860576923076922 0.3473557692307692 0.06971153846153846 0.0985576923076923
1 0.30288461538461536 0.2932692307692308 0.07932692307692307 0.12980769230769232
1 0.44591346153846156 0.47596153846153844 0.07692307692307693 0.11057692307692307
1 0.5072115384615384 0.21875 0.0673076923076923 0.10096153846153846
1 0.6706730769230769 0.27524038461538464 0.06971153846153846 0.10576923076923077
1 0.8737980769230769 0.11778846153846154 0.06490384615384616 0.10336538461538461
1 0.6923076923076923 0.15504807692307693 0.057692307692307696 0.09375
1 0.41947115384615385 0.23918269230769232 0.04807692307692308 0.06971153846153846
1 0.35216346153846156 0.2548076923076923 0.0673076923076923 0.09134615384615384
1 0.5588942307692307 0.23557692307692307 0.057692307692307696 0.09615384615384616
1 0.22956730769230768 0.21514423076923078 0.05048076923076923 0.08653846153846154
2 0.7379807692307693 0.15264423076923078 0.06009615384615385 0.0889423076923077
1 0.8052884615384616 0.10216346153846154 0.07211538461538461 0.11298076923076923
1 0.5997596153846154 0.24158653846153846 0.06971153846153846 0.14182692307692307
1 0.45913461538461536 0.20793269230769232 0.0625 0.10336538461538461