1 0.0359375 0.30859375 0.071875 0.1234375
1 0.128125 0.34765625 0.0703125 0.0984375
1 0.303125 0.29375 0.078125 0.13125
1 0.44609375 0.47578125 0.0765625 0.1109375
1 0.5078125 0.21796875 0.0671875 0.1015625
1 0.67109375 0.275 0.06875 0.1078125
1 0.8734375 0.11875 0.0640625 0.1015625
1 0.69296875 0.1546875 0.0578125 0.09375
1 0.41953125 0.2390625 0.046875 0.0703125
1 0.3515625 0.2546875 0.065625 0.090625
1 0.559375 0.2359375 0.0578125 0.0953125
1 0.22890625 0.21484375 0.05 0.0859375
2 0.7390625 0.15390625 0.059375 0.0875
1 0.80546875 0.10234375 0.0703125 0.1125
1 0.6 0.2421875 0.0703125 0.1421875
1 0.459375 0.2078125 0.0625 0.103125