1 0.14783653846153846 0.13341346153846154 0.08173076923076923 0.12259615384615384
1 0.22235576923076922 0.21033653846153846 0.06971153846153846 0.0985576923076923
1 0.40384615384615385 0.23076923076923078 0.07932692307692307 0.12980769230769232
1 0.46033653846153844 0.45552884615384615 0.07692307692307693 0.11057692307692307
1 0.6213942307692307 0.24519230769230768 0.0673076923076923 0.10096153846153846
1 0.7475961538461539 0.3641826923076923 0.06971153846153846 0.10576923076923077
1 0.9807692307692307 0.30288461538461536 0.03365384615384615 0.10576923076923077
1 0.8161057692307693 0.26322115384615385 0.057692307692307696 0.09375
1 0.5324519230769231 0.22956730769230768 0.04807692307692308 0.06971153846153846
1 0.4639423076923077 0.21634615384615385 0.0673076923076923 0.09134615384615384
1 0.6622596153846154 0.2824519230769231 0.057692307692307696 0.09615384615384616
1 0.36899038461538464 0.12980769230769232 0.05048076923076923 0.08653846153846154
2 0.859375 0.2800480769230769 0.06009615384615385 0.0889423076923077
1 0.9399038461538461 0.2608173076923077 0.07211538461538461 0.11298076923076923
1 0.6959134615384616 0.30408653846153844 0.06971153846153846 0.14182692307692307
1 0.5817307692307693 0.21634615384615385 0.0625 0.10336538461538461