1 0.06009615384615385 0.24519230769230768 0.0673076923076923 0.11538461538461539
1 0.15384615384615385 0.2980769230769231 0.06009615384615385 0.09134615384615384
1 0.3329326923076923 0.26802884615384615 0.0625 0.125
1 0.4495192307692308 0.46875 0.0625 0.10576923076923077
1 0.546875 0.22235576923076922 0.055288461538461536 0.09615384615384616
1 0.7007211538461539 0.3016826923076923 0.055288461538461536 0.10096153846153846
1 0.9230769230769231 0.17427884615384615 0.052884615384615384 0.0985576923076923
1 0.7379807692307693 0.18629807692307693 0.04567307692307692 0.09134615384615384
1 0.4567307692307692 0.23076923076923078 0.038461538461538464 0.0673076923076923
1 0.3870192307692308 0.23677884615384615 0.055288461538461536 0.08653846153846154
1 0.5949519230769231 0.24639423076923078 0.04567307692307692 0.09134615384615384
1 0.27163461538461536 0.18028846153846154 0.040865384615384616 0.08173076923076923
2 0.7848557692307693 0.18990384615384615 0.04807692307692308 0.08413461538461539
1 0.8569711538461539 0.14903846153846154 0.057692307692307696 0.10817307692307693
1 0.6346153846153846 0.25841346153846156 0.052884615384615384 0.13942307692307693
1 0.5 0.20432692307692307 0.05048076923076923 0.0985576923076923