2 0.18509615384615385 0.42908653846153844 0.04807692307692308 0.08413461538461539
2 0.3112980769230769 0.6875 0.06971153846153846 0.07211538461538461
2 0.30288461538461536 0.8209134615384616 0.055288461538461536 0.11538461538461539
2 0.6033653846153846 0.671875 0.0673076923076923 0.08653846153846154
2 0.6875 0.5997596153846154 0.03365384615384615 0.0625
2 0.41947115384615385 0.5600961538461539 0.04567307692307692 0.07211538461538461
2 0.4182692307692308 0.35216346153846156 0.04807692307692308 0.06971153846153846
2 0.10697115384615384 0.33533653846153844 0.03125 0.04807692307692308
2 0.5192307692307693 0.29447115384615385 0.028846153846153848 0.04326923076923077
2 0.5793269230769231 0.32211538461538464 0.057692307692307696 0.06009615384615385
2 0.6802884615384616 0.33653846153846156 0.028846153846153848 0.055288461538461536
2 0.6802884615384616 0.43149038461538464 0.040865384615384616 0.05048076923076923
2 0.8004807692307693 0.38341346153846156 0.03365384615384615 0.040865384615384616
2 0.8918269230769231 0.39783653846153844 0.038461538461538464 0.057692307692307696
2 0.9711538461538461 0.5024038461538461 0.04326923076923077 0.07932692307692307
2 0.4675480769230769 0.25240384615384615 0.021634615384615384 0.03365384615384615
2 0.13341346153846154 0.21033653846153846 0.01201923076923077 0.02403846153846154
2 0.15865384615384615 0.21995192307692307 0.016826923076923076 0.016826923076923076
2 0.3762019230769231 0.25841346153846156 0.02403846153846154 0.03125
2 0.6478365384615384 0.27163461538461536 0.02403846153846154 0.036057692307692304
2 0.7463942307692307 0.2668269230769231 0.021634615384615384 0.040865384615384616
2 0.7920673076923077 0.2980769230769231 0.019230769230769232 0.03125
2 0.9362980769230769 0.3713942307692308 0.036057692307692304 0.04567307692307692
2 0.9663461538461539 0.31850961538461536 0.02403846153846154 0.04326923076923077
2 0.078125 0.1971153846153846 0.01201923076923077 0.02403846153846154