2 0.2 0.38125 0.0609375 0.090625
2 0.28359375 0.65625 0.0796875 0.08125
2 0.25546875 0.7859375 0.071875 0.121875
2 0.575 0.6859375 0.0796875 0.0953125
2 0.66953125 0.62890625 0.0421875 0.065625
2 0.41171875 0.546875 0.0546875 0.078125
2 0.44296875 0.34140625 0.0578125 0.0765625
2 0.13828125 0.275 0.0390625 0.0515625
2 0.5515625 0.3 0.034375 0.0453125
2 0.60546875 0.3375 0.0640625 0.065625
2 0.70390625 0.36640625 0.0375 0.0578125
2 0.68984375 0.46015625 0.0453125 0.0546875
2 0.81484375 0.43125 0.0390625 0.0453125
2 0.903125 0.46015625 0.0453125 0.0609375
2 0.965625 0.57578125 0.053125 0.084375
2 0.50546875 0.2515625 0.0265625 0.0359375
2 0.18359375 0.15625 0.0171875 0.025
2 0.20703125 0.16953125 0.0203125 0.01875
2 0.415625 0.24296875 0.028125 0.034375
2 0.68125 0.2984375 0.0296875 0.040625
2 0.78046875 0.309375 0.028125 0.04375
2 0.8203125 0.34609375 0.0234375 0.0328125
2 0.95234375 0.440625 0.0421875 0.0484375
2 0.9859375 0.39375 0.025 0.046875
2 0.13046875 0.13515625 0.015625 0.025