2 0.19609375 0.39140625 0.059375 0.090625
2 0.28984375 0.66328125 0.078125 0.0796875
2 0.265625 0.79453125 0.06875 0.1203125
2 0.58125 0.68359375 0.0765625 0.09375
2 0.6734375 0.62265625 0.0390625 0.0640625
2 0.41328125 0.55 0.053125 0.0765625
2 0.4375 0.34375 0.05625 0.075
2 0.13046875 0.28828125 0.0375 0.0515625
2 0.54453125 0.2984375 0.0328125 0.0453125
2 0.6 0.33359375 0.0625 0.0640625
2 0.69921875 0.359375 0.0359375 0.05625
2 0.68828125 0.45390625 0.0453125 0.0546875
2 0.8125 0.4203125 0.0390625 0.0453125
2 0.9015625 0.44609375 0.04375 0.0609375
2 0.96796875 0.559375 0.0515625 0.0828125
2 0.496875 0.2515625 0.025 0.0359375
2 0.17109375 0.16796875 0.015625 0.025
2 0.1953125 0.1796875 0.0203125 0.01875
2 0.40703125 0.24609375 0.028125 0.034375
2 0.67421875 0.2921875 0.028125 0.040625
2 0.7734375 0.3 0.0265625 0.04375
2 0.81484375 0.33515625 0.021875 0.0328125
2 0.95 0.42421875 0.040625 0.0484375
2 0.984375 0.3765625 0.028125 0.046875
2 0.11796875 0.1484375 0.0140625 0.0234375