2 0.178125 0.51875 0.0625 0.0921875
2 0.3703125 0.7328125 0.08125 0.0828125
2 0.39921875 0.8625 0.0734375 0.121875
2 0.64609375 0.63671875 0.0796875 0.0953125
2 0.7078125 0.5453125 0.0421875 0.065625
2 0.43984375 0.5796875 0.05625 0.078125
2 0.38125 0.38046875 0.059375 0.0765625
2 0.07734375 0.44921875 0.0390625 0.053125
2 0.46171875 0.296875 0.034375 0.0453125
2 0.52734375 0.3078125 0.065625 0.0671875
2 0.628125 0.2921875 0.0375 0.0578125
2 0.65546875 0.38359375 0.046875 0.0546875
2 0.75625 0.3046875 0.040625 0.0453125
2 0.8484375 0.29375 0.0453125 0.0625
2 0.95390625 0.371875 0.0546875 0.084375
2 0.4 0.271875 0.0265625 0.0359375
2 0.06796875 0.32265625 0.0171875 0.025
2 0.09453125 0.32421875 0.0203125 0.01875
2 0.31484375 0.303125 0.0296875 0.034375
2 0.57890625 0.240625 0.0296875 0.040625
2 0.6734375 0.209375 0.028125 0.04375
2 0.725 0.225 0.0234375 0.0328125
2 0.884375 0.2546875 0.0421875 0.05
2 0.8984375 0.19609375 0.0328125 0.0453125
2 0.0109375 0.32578125 0.015625 0.025