2 0.17668269230769232 0.5132211538461539 0.06009615384615385 0.09134615384615384
2 0.36538461538461536 0.7295673076923077 0.07932692307692307 0.08173076923076923
2 0.3918269230769231 0.8605769230769231 0.07211538461538461 0.1201923076923077
2 0.6442307692307693 0.6394230769230769 0.07932692307692307 0.09375
2 0.7067307692307693 0.5480769230769231 0.040865384615384616 0.06490384615384616
2 0.4375 0.578125 0.055288461538461536 0.07692307692307693
2 0.38341346153846156 0.3786057692307692 0.057692307692307696 0.07692307692307693
2 0.07692307692307693 0.4423076923076923 0.038461538461538464 0.052884615384615384
2 0.4651442307692308 0.2956730769230769 0.03365384615384615 0.04567307692307692
2 0.5300480769230769 0.3076923076923077 0.06490384615384616 0.0673076923076923
2 0.6322115384615384 0.29447115384615385 0.036057692307692304 0.057692307692307696
2 0.65625 0.3870192307692308 0.04567307692307692 0.055288461538461536
2 0.7608173076923077 0.3088942307692308 0.040865384615384616 0.04567307692307692
2 0.8521634615384616 0.29927884615384615 0.04567307692307692 0.0625
2 0.9555288461538461 0.3798076923076923 0.052884615384615384 0.08413461538461539
2 0.40384615384615385 0.2692307692307692 0.026442307692307692 0.036057692307692304
2 0.07091346153846154 0.31490384615384615 0.016826923076923076 0.02403846153846154
2 0.09735576923076923 0.3173076923076923 0.019230769230769232 0.019230769230769232
2 0.31850961538461536 0.29927884615384615 0.028846153846153848 0.036057692307692304
2 0.5841346153846154 0.24158653846153846 0.028846153846153848 0.040865384615384616
2 0.6778846153846154 0.21153846153846154 0.026442307692307692 0.04326923076923077
2 0.7295673076923077 0.22956730769230768 0.021634615384615384 0.03365384615384615
2 0.8882211538461539 0.26322115384615385 0.040865384615384616 0.05048076923076923
2 0.9038461538461539 0.20432692307692307 0.03125 0.04567307692307692
2 0.014423076923076924 0.3173076923076923 0.014423076923076924 0.02403846153846154