2 0.1778846153846154 0.5192307692307693 0.0625 0.09134615384615384
2 0.3701923076923077 0.7319711538461539 0.08173076923076923 0.08173076923076923
2 0.39903846153846156 0.8629807692307693 0.07451923076923077 0.12259615384615384
2 0.6466346153846154 0.6370192307692307 0.08173076923076923 0.09615384615384616
2 0.7079326923076923 0.5444711538461539 0.04326923076923077 0.06490384615384616
2 0.43990384615384615 0.5793269230769231 0.055288461538461536 0.07932692307692307
2 0.38100961538461536 0.38100961538461536 0.057692307692307696 0.07692307692307693
2 0.07692307692307693 0.4495192307692308 0.038461538461538464 0.052884615384615384
2 0.46153846153846156 0.296875 0.036057692307692304 0.04567307692307692
2 0.5276442307692307 0.3076923076923077 0.06490384615384616 0.0673076923076923
2 0.6286057692307693 0.2932692307692308 0.038461538461538464 0.057692307692307696
2 0.6550480769230769 0.38461538461538464 0.04807692307692308 0.055288461538461536
2 0.7572115384615384 0.30528846153846156 0.040865384615384616 0.04567307692307692
2 0.8485576923076923 0.2932692307692308 0.04567307692307692 0.0625
2 0.9543269230769231 0.3713942307692308 0.055288461538461536 0.08413461538461539
2 0.40024038461538464 0.27163461538461536 0.026442307692307692 0.036057692307692304
2 0.06850961538461539 0.32211538461538464 0.016826923076923076 0.02403846153846154
2 0.09495192307692307 0.3245192307692308 0.019230769230769232 0.019230769230769232
2 0.31490384615384615 0.3016826923076923 0.028846153846153848 0.036057692307692304
2 0.5793269230769231 0.2403846153846154 0.028846153846153848 0.040865384615384616
2 0.6730769230769231 0.20793269230769232 0.028846153846153848 0.04326923076923077
2 0.7259615384615384 0.22596153846153846 0.02403846153846154 0.03365384615384615
2 0.8846153846153846 0.25600961538461536 0.04326923076923077 0.05048076923076923
2 0.8990384615384616 0.1971153846153846 0.03125 0.04567307692307692
2 0.010817307692307692 0.32572115384615385 0.016826923076923076 0.02403846153846154