2 0.23515625 0.32265625 0.0359375 0.078125
2 0.38125 0.30546875 0.0359375 0.06875
2 0.51484375 0.23515625 0.0515625 0.08125
2 0.8 0.35859375 0.046875 0.0765625
2 0.97578125 0.40078125 0.0265625 0.0546875
2 0.059375 0.1234375 0.021875 0.0453125
2 0.06953125 0.25859375 0.0234375 0.053125
2 0.1421875 0.3328125 0.0328125 0.0640625
2 0.11015625 0.375 0.028125 0.0421875
2 0.16484375 0.2703125 0.0203125 0.0359375
2 0.13359375 0.2109375 0.025 0.046875
2 0.11171875 0.28203125 0.0234375 0.040625
2 0.084375 0.1890625 0.021875 0.04375
2 0.04375 0.05 0.0234375 0.0515625
2 0.1046875 0.0828125 0.015625 0.0390625
2 0.134375 0.09375 0.01875 0.034375
2 0.159375 0.1203125 0.025 0.0359375
2 0.19375 0.11015625 0.0140625 0.034375
2 0.196875 0.2171875 0.0234375 0.0421875
2 0.24453125 0.14765625 0.015625 0.0359375
2 0.22421875 0.15234375 0.01875 0.0390625
2 0.27890625 0.1578125 0.0125 0.0296875
2 0.2578125 0.22421875 0.015625 0.040625
2 0.3015625 0.23203125 0.0203125 0.0421875
2 0.32109375 0.29609375 0.0234375 0.0421875
2 0.346875 0.1875 0.015625 0.040625
2 0.31171875 0.16796875 0.0109375 0.0296875
2 0.32890625 0.1421875 0.0140625 0.0296875
2 0.3796875 0.18671875 0.0171875 0.0265625
2 0.44296875 0.2421875 0.0140625 0.0328125
2 0.4421875 0.2796875 0.0109375 0.028125
2 0.465625 0.31640625 0.0171875 0.0265625
2 0.44375 0.20859375 0.0109375 0.0265625
2 0.46015625 0.209375 0.0171875 0.03125
2 0.34609375 0.0328125 0.0140625 0.028125
2 0.26796875 0.00859375 0.0140625 0.0171875
2 0.7015625 0.325 0.01875 0.0296875