2 0.23197115384615385 0.3269230769230769 0.03365384615384615 0.07692307692307693
2 0.37740384615384615 0.3076923076923077 0.03365384615384615 0.0673076923076923
2 0.5108173076923077 0.23557692307692307 0.05048076923076923 0.08173076923076923
2 0.7980769230769231 0.35336538461538464 0.04567307692307692 0.07692307692307693
2 0.9735576923076923 0.3918269230769231 0.026442307692307692 0.052884615384615384
2 0.054086538461538464 0.1310096153846154 0.019230769230769232 0.04326923076923077
2 0.06610576923076923 0.2668269230769231 0.021634615384615384 0.052884615384615384
2 0.13942307692307693 0.3389423076923077 0.03365384615384615 0.0625
2 0.10817307692307693 0.38221153846153844 0.028846153846153848 0.04326923076923077
2 0.16105769230769232 0.2764423076923077 0.019230769230769232 0.03365384615384615
2 0.12860576923076922 0.21634615384615385 0.02403846153846154 0.04807692307692308
2 0.10697115384615384 0.28846153846153844 0.02403846153846154 0.038461538461538464
2 0.07932692307692307 0.19591346153846154 0.021634615384615384 0.04326923076923077
2 0.036057692307692304 0.057692307692307696 0.021634615384615384 0.052884615384615384
2 0.09735576923076923 0.09014423076923077 0.014423076923076924 0.038461538461538464
2 0.12740384615384615 0.09975961538461539 0.019230769230769232 0.03365384615384615
2 0.15384615384615385 0.12620192307692307 0.02403846153846154 0.03365384615384615
2 0.18629807692307693 0.11658653846153846 0.014423076923076924 0.03365384615384615
2 0.19230769230769232 0.22235576923076922 0.02403846153846154 0.04326923076923077
2 0.23798076923076922 0.15144230769230768 0.014423076923076924 0.03365384615384615
2 0.21754807692307693 0.15625 0.019230769230769232 0.038461538461538464
2 0.27283653846153844 0.16105769230769232 0.01201923076923077 0.028846153846153848
2 0.25240384615384615 0.2283653846153846 0.014423076923076924 0.038461538461538464
2 0.296875 0.23557692307692307 0.019230769230769232 0.04326923076923077
2 0.3173076923076923 0.29927884615384615 0.02403846153846154 0.04326923076923077
2 0.34134615384615385 0.18990384615384615 0.014423076923076924 0.038461538461538464
2 0.30649038461538464 0.17067307692307693 0.009615384615384616 0.028846153846153848
2 0.3233173076923077 0.14543269230769232 0.014423076923076924 0.028846153846153848
2 0.375 0.18870192307692307 0.016826923076923076 0.02403846153846154
2 0.4387019230769231 0.24278846153846154 0.014423076923076924 0.03365384615384615
2 0.4375 0.28125 0.009615384615384616 0.028846153846153848
2 0.46274038461538464 0.3173076923076923 0.016826923076923076 0.02403846153846154
2 0.4375 0.2091346153846154 0.009615384615384616 0.02403846153846154
2 0.45552884615384615 0.21033653846153846 0.016826923076923076 0.028846153846153848
2 0.33774038461538464 0.036057692307692304 0.014423076923076924 0.028846153846153848
2 0.25841346153846156 0.009615384615384616 0.009615384615384616 0.019230769230769232
2 0.6983173076923077 0.32211538461538464 0.019230769230769232 0.028846153846153848