2 0.2620192307692308 0.28725961538461536 0.04567307692307692 0.08173076923076923
2 0.40865384615384615 0.29086538461538464 0.04326923076923077 0.07211538461538461
2 0.5516826923076923 0.2403846153846154 0.0625 0.08653846153846154
2 0.8173076923076923 0.4014423076923077 0.057692307692307696 0.08173076923076923
2 0.9819711538461539 0.4675480769230769 0.03125 0.06009615384615385
2 0.11778846153846154 0.06610576923076923 0.026442307692307692 0.04807692307692308
2 0.10817307692307693 0.20192307692307693 0.028846153846153848 0.055288461538461536
2 0.16947115384615385 0.2848557692307692 0.040865384615384616 0.0673076923076923
2 0.1310096153846154 0.32211538461538464 0.03365384615384615 0.04567307692307692
2 0.20072115384615385 0.22596153846153846 0.026442307692307692 0.038461538461538464
2 0.1778846153846154 0.1622596153846154 0.03125 0.05048076923076923
2 0.14543269230769232 0.22956730769230768 0.028846153846153848 0.04326923076923077
2 0.13221153846153846 0.13341346153846154 0.028846153846153848 0.04567307692307692
2 0.11177884615384616 0.009615384615384616 0.03125 0.019230769230769232
2 0.1658653846153846 0.03245192307692308 0.019230769230769232 0.040865384615384616
2 0.19471153846153846 0.046875 0.02403846153846154 0.036057692307692304
2 0.21634615384615385 0.07692307692307693 0.03125 0.038461538461538464
2 0.25 0.07211538461538461 0.019230769230769232 0.036057692307692304
2 0.23918269230769232 0.1778846153846154 0.028846153846153848 0.04567307692307692
2 0.2956730769230769 0.1141826923076923 0.019230769230769232 0.036057692307692304
2 0.27524038461538464 0.11658653846153846 0.02403846153846154 0.040865384615384616
2 0.328125 0.12980769230769232 0.016826923076923076 0.03125
2 0.2980769230769231 0.1935096153846154 0.021634615384615384 0.040865384615384616
2 0.3401442307692308 0.20673076923076922 0.026442307692307692 0.04567307692307692
2 0.35096153846153844 0.27283653846153844 0.028846153846153848 0.04567307692307692
2 0.3918269230769231 0.16947115384615385 0.021634615384615384 0.040865384615384616
2 0.3605769230769231 0.14423076923076922 0.014423076923076924 0.03125
2 0.38100961538461536 0.12259615384615384 0.019230769230769232 0.03125
2 0.4254807692307692 0.17307692307692307 0.021634615384615384 0.026442307692307692
2 0.4795673076923077 0.23677884615384615 0.019230769230769232 0.03365384615384615
2 0.4723557692307692 0.27403846153846156 0.014423076923076924 0.028846153846153848
2 0.49158653846153844 0.3137019230769231 0.021634615384615384 0.026442307692307692
2 0.4831730769230769 0.203125 0.014423076923076924 0.026442307692307692
2 0.5012019230769231 0.20673076923076922 0.021634615384615384 0.03125
2 0.41225961538461536 0.016826923076923076 0.019230769230769232 0.028846153846153848
2 0.7235576923076923 0.3557692307692308 0.02403846153846154 0.03125