2 0.19831730769230768 0.39663461538461536 0.05048076923076923 0.08413461538461539
2 0.33413461538461536 0.3425480769230769 0.04807692307692308 0.07451923076923077
2 0.44711538461538464 0.2403846153846154 0.0673076923076923 0.09134615384615384
2 0.7536057692307693 0.2860576923076923 0.0625 0.08413461538461539
2 0.9338942307692307 0.2800480769230769 0.038461538461538464 0.057692307692307696
2 0.02283653846153846 0.3786057692307692 0.03365384615384615 0.057692307692307696
2 0.11057692307692307 0.43149038461538464 0.04807692307692308 0.06971153846153846
2 0.09134615384615384 0.4807692307692308 0.036057692307692304 0.04807692307692308
2 0.11658653846153846 0.36538461538461536 0.028846153846153848 0.038461538461538464
2 0.07091346153846154 0.31490384615384615 0.03365384615384615 0.05048076923076923
2 0.0673076923076923 0.3894230769230769 0.03125 0.04326923076923077
2 0.018028846153846152 0.30649038461538464 0.03125 0.04807692307692308
2 0.01201923076923077 0.19951923076923078 0.02403846153846154 0.04326923076923077
2 0.042067307692307696 0.20192307692307693 0.026442307692307692 0.036057692307692304
2 0.0733173076923077 0.22115384615384615 0.03365384615384615 0.040865384615384616
2 0.10336538461538461 0.20432692307692307 0.021634615384615384 0.036057692307692304
2 0.1346153846153846 0.30528846153846156 0.03125 0.04567307692307692
2 0.16105769230769232 0.2247596153846154 0.021634615384615384 0.038461538461538464
2 0.14302884615384615 0.234375 0.026442307692307692 0.040865384615384616
2 0.1971153846153846 0.22596153846153846 0.019230769230769232 0.03125
2 0.1935096153846154 0.296875 0.02403846153846154 0.04326923076923077
2 0.23918269230769232 0.2920673076923077 0.028846153846153848 0.04567307692307692
2 0.27403846153846156 0.34975961538461536 0.03125 0.04567307692307692
2 0.27163461538461536 0.23798076923076922 0.02403846153846154 0.040865384615384616
2 0.23197115384615385 0.22716346153846154 0.016826923076923076 0.03125
2 0.24278846153846154 0.19831730769230768 0.021634615384615384 0.03125
2 0.30288461538461536 0.2283653846153846 0.021634615384615384 0.028846153846153848
2 0.3786057692307692 0.265625 0.021634615384615384 0.03365384615384615
2 0.3870192307692308 0.30288461538461536 0.016826923076923076 0.028846153846153848
2 0.41947115384615385 0.3317307692307692 0.021634615384615384 0.028846153846153848
2 0.36899038461538464 0.23317307692307693 0.014423076923076924 0.026442307692307692
2 0.3870192307692308 0.22956730769230768 0.02403846153846154 0.03365384615384615
2 0.23076923076923078 0.0889423076923077 0.021634615384615384 0.03125
2 0.1466346153846154 0.0829326923076923 0.014423076923076924 0.021634615384615384
2 0.6490384615384616 0.27884615384615385 0.026442307692307692 0.03365384615384615