2 0.24140625 0.31328125 0.0390625 0.0796875
2 0.38828125 0.3015625 0.0375 0.0703125
2 0.52421875 0.2359375 0.0546875 0.0828125
2 0.8046875 0.36875 0.05 0.0765625
2 0.97890625 0.4171875 0.028125 0.05625
2 0.07265625 0.10859375 0.0234375 0.0453125
2 0.078125 0.24375 0.025 0.0546875
2 0.14765625 0.3203125 0.0359375 0.065625
2 0.11484375 0.36171875 0.0296875 0.0421875
2 0.1734375 0.259375 0.021875 0.0359375
2 0.14453125 0.1984375 0.0265625 0.046875
2 0.11953125 0.26875 0.025 0.040625
2 0.0953125 0.17421875 0.0234375 0.04375
2 0.059375 0.034375 0.025 0.053125
2 0.11953125 0.06953125 0.0171875 0.0390625
2 0.1484375 0.08125 0.0203125 0.034375
2 0.1734375 0.10859375 0.0265625 0.0359375
2 0.20703125 0.1 0.015625 0.034375
2 0.20703125 0.20703125 0.025 0.0421875
2 0.25703125 0.1390625 0.0171875 0.0359375
2 0.2359375 0.14296875 0.0203125 0.0390625
2 0.290625 0.15 0.0125 0.0296875
2 0.26796875 0.215625 0.0171875 0.040625
2 0.3109375 0.225 0.021875 0.0421875
2 0.328125 0.28984375 0.025 0.0421875
2 0.3578125 0.18203125 0.0171875 0.040625
2 0.3234375 0.16171875 0.0125 0.0296875
2 0.34140625 0.13671875 0.015625 0.0296875
2 0.390625 0.1828125 0.01875 0.0265625
2 0.4515625 0.23984375 0.015625 0.0328125
2 0.45 0.27734375 0.0109375 0.028125
2 0.471875 0.315625 0.01875 0.0265625
2 0.45390625 0.20625 0.0109375 0.0265625
2 0.4703125 0.20859375 0.01875 0.03125
2 0.3625 0.028125 0.015625 0.028125
2 0.2859375 0.0046875 0.015625 0.009375
2 0.7078125 0.3328125 0.0203125 0.0296875