2 0.18870192307692307 0.3425480769230769 0.12980769230769232 0.14423076923076922
2 0.3894230769230769 0.5961538461538461 0.13701923076923078 0.1466346153846154
2 0.49759615384615385 0.5817307692307693 0.11778846153846154 0.11778846153846154
2 0.625 0.5384615384615384 0.12259615384615384 0.13942307692307693
2 0.43149038461538464 0.22716346153846154 0.09615384615384616 0.0985576923076923
2 0.5973557692307693 0.32211538461538464 0.10096153846153846 0.10817307692307693
2 0.5889423076923077 0.12379807692307693 0.08653846153846154 0.09615384615384616
2 0.46274038461538464 0.09735576923076923 0.10096153846153846 0.10576923076923077
2 0.3016826923076923 0.2091346153846154 0.09615384615384616 0.10096153846153846
2 0.7331730769230769 0.12620192307692307 0.10817307692307693 0.11298076923076923
2 0.859375 0.07932692307692307 0.10817307692307693 0.12980769230769232