2 0.2704326923076923 0.23798076923076922 0.1346153846153846 0.1466346153846154
2 0.3605769230769231 0.5480769230769231 0.13942307692307693 0.14903846153846154
2 0.46634615384615385 0.5757211538461539 0.1201923076923077 0.1201923076923077
2 0.6009615384615384 0.5829326923076923 0.12740384615384615 0.14182692307692307
2 0.5384615384615384 0.22235576923076922 0.0985576923076923 0.10096153846153846
2 0.6574519230769231 0.3713942307692308 0.10336538461538461 0.11057692307692307
2 0.7235576923076923 0.18509615384615385 0.0889423076923077 0.0985576923076923
2 0.6165865384615384 0.11298076923076923 0.10336538461538461 0.10817307692307693
2 0.4254807692307692 0.15625 0.0985576923076923 0.10336538461538461
2 0.8557692307692307 0.2403846153846154 0.11057692307692307 0.11538461538461539
2 0.9651442307692307 0.24519230769230768 0.06490384615384616 0.1346153846153846