2 0.20432692307692307 0.3161057692307692 0.1201923076923077 0.1346153846153846
2 0.38100961538461536 0.5865384615384616 0.125 0.13701923076923078
2 0.49038461538461536 0.5817307692307693 0.11057692307692307 0.11057692307692307
2 0.6213942307692307 0.5492788461538461 0.11298076923076923 0.13221153846153846
2 0.45552884615384615 0.22235576923076922 0.0889423076923077 0.09134615384615384
2 0.6129807692307693 0.33052884615384615 0.09375 0.10096153846153846
2 0.6213942307692307 0.13341346153846154 0.07932692307692307 0.09134615384615384
2 0.4987980769230769 0.09615384615384616 0.09375 0.0985576923076923
2 0.328125 0.19230769230769232 0.0889423076923077 0.09615384615384616
2 0.7644230769230769 0.14783653846153846 0.10096153846153846 0.10576923076923077
2 0.8942307692307693 0.11177884615384616 0.10096153846153846 0.125