2 0.5709134615384616 0.5480769230769231 0.09615384615384616 0.15865384615384615
2 0.7884615384615384 0.8149038461538461 0.0889423076923077 0.17307692307692307
2 0.7716346153846154 0.6129807692307693 0.0625 0.125
2 0.8257211538461539 0.44350961538461536 0.04326923076923077 0.09134615384615384
2 0.17067307692307693 0.6454326923076923 0.0625 0.08653846153846154
2 0.25600961538461536 0.6646634615384616 0.06009615384615385 0.0985576923076923
2 0.0733173076923077 0.5264423076923077 0.055288461538461536 0.0889423076923077
2 0.23197115384615385 0.5420673076923077 0.04326923076923077 0.07692307692307693
2 0.2800480769230769 0.46153846153846156 0.04807692307692308 0.08173076923076923
2 0.33052884615384615 0.4495192307692308 0.028846153846153848 0.057692307692307696
2 0.3737980769230769 0.4495192307692308 0.03125 0.055288461538461536
2 0.4735576923076923 0.45072115384615385 0.028846153846153848 0.04567307692307692
2 0.5096153846153846 0.5817307692307693 0.04807692307692308 0.08413461538461539
2 0.6225961538461539 0.4639423076923077 0.036057692307692304 0.07932692307692307
2 0.5204326923076923 0.4230769230769231 0.03125 0.052884615384615384
2 0.5865384615384616 0.3858173076923077 0.028846153846153848 0.04567307692307692
2 0.6586538461538461 0.4375 0.028846153846153848 0.0673076923076923
2 0.9170673076923077 0.4338942307692308 0.021634615384615384 0.038461538461538464
0 0.13581730769230768 0.4266826923076923 0.040865384615384616 0.06009615384615385
2 0.19951923076923078 0.4362980769230769 0.036057692307692304 0.07451923076923077
2 0.17548076923076922 0.43149038461538464 0.028846153846153848 0.0625