2 0.5661057692307693 0.5552884615384616 0.09615384615384616 0.15865384615384615
2 0.7536057692307693 0.8425480769230769 0.0889423076923077 0.17307692307692307
2 0.7584134615384616 0.640625 0.0625 0.125
2 0.8293269230769231 0.47716346153846156 0.04326923076923077 0.09134615384615384
2 0.15745192307692307 0.609375 0.0625 0.08653846153846154
2 0.2403846153846154 0.6382211538461539 0.06009615384615385 0.0985576923076923
2 0.07211538461538461 0.4807692307692308 0.055288461538461536 0.0889423076923077
2 0.2283653846153846 0.5132211538461539 0.04326923076923077 0.07692307692307693
2 0.2848557692307692 0.4387019230769231 0.04807692307692308 0.08173076923076923
2 0.33653846153846156 0.4326923076923077 0.028846153846153848 0.057692307692307696
2 0.3798076923076923 0.4375 0.03125 0.055288461538461536
2 0.47836538461538464 0.4483173076923077 0.028846153846153848 0.04567307692307692
2 0.5 0.5817307692307693 0.04807692307692308 0.08413461538461539
2 0.625 0.47596153846153844 0.036057692307692304 0.07932692307692307
2 0.5276442307692307 0.4254807692307692 0.03125 0.052884615384615384
2 0.5985576923076923 0.3954326923076923 0.028846153846153848 0.04567307692307692
2 0.6646634615384616 0.4543269230769231 0.028846153846153848 0.0673076923076923
2 0.9206730769230769 0.47716346153846156 0.021634615384615384 0.038461538461538464
0 0.14543269230769232 0.38822115384615385 0.040865384615384616 0.06009615384615385
2 0.20793269230769232 0.4050480769230769 0.036057692307692304 0.07451923076923077
2 0.18389423076923078 0.39783653846153844 0.028846153846153848 0.0625