2 0.571875 0.5453125 0.1015625 0.1625
2 0.79921875 0.80390625 0.0953125 0.1765625
2 0.77578125 0.60390625 0.0671875 0.1265625
2 0.8234375 0.4328125 0.046875 0.09375
2 0.17578125 0.65625 0.0640625 0.0875
2 0.26171875 0.67265625 0.0625 0.1
2 0.075 0.54140625 0.0578125 0.090625
2 0.2328125 0.55078125 0.0453125 0.078125
2 0.27890625 0.46796875 0.05 0.0828125
2 0.328125 0.45546875 0.0328125 0.0578125
2 0.371875 0.45390625 0.0328125 0.05625
2 0.47109375 0.4515625 0.03125 0.046875
2 0.51171875 0.58046875 0.0515625 0.084375
2 0.6203125 0.45859375 0.0390625 0.08125
2 0.5171875 0.42265625 0.0328125 0.053125
2 0.58203125 0.3828125 0.0296875 0.046875
2 0.65625 0.43125 0.03125 0.0671875
2 0.91328125 0.41953125 0.0234375 0.0390625
0 0.13359375 0.4390625 0.0421875 0.0625
2 0.19765625 0.44765625 0.0390625 0.0765625
2 0.1734375 0.4421875 0.0328125 0.0625