2 0.5612980769230769 0.5600961538461539 0.10576923076923077 0.16346153846153846
2 0.7295673076923077 0.8605769230769231 0.10096153846153846 0.1778846153846154
2 0.7475961538461539 0.6586538461538461 0.06971153846153846 0.12740384615384615
2 0.8305288461538461 0.5012019230769231 0.05048076923076923 0.09375
2 0.1502403846153846 0.5853365384615384 0.0673076923076923 0.0889423076923077
2 0.23076923076923078 0.6189903846153846 0.06490384615384616 0.10096153846153846
2 0.07451923076923077 0.4519230769230769 0.06009615384615385 0.09134615384615384
2 0.2283653846153846 0.49399038461538464 0.04807692307692308 0.07932692307692307
2 0.28966346153846156 0.4230769230769231 0.052884615384615384 0.08653846153846154
2 0.34134615384615385 0.4206730769230769 0.03365384615384615 0.06009615384615385
2 0.38341346153846156 0.42908653846153844 0.036057692307692304 0.057692307692307696
2 0.48197115384615385 0.44711538461538464 0.03125 0.04807692307692308
2 0.4951923076923077 0.5817307692307693 0.055288461538461536 0.08653846153846154
2 0.6262019230769231 0.4855769230769231 0.040865384615384616 0.08173076923076923
2 0.5336538461538461 0.42788461538461536 0.036057692307692304 0.055288461538461536
2 0.6057692307692307 0.4026442307692308 0.03125 0.04807692307692308
2 0.6670673076923077 0.46634615384615385 0.03365384615384615 0.06971153846153846
2 0.921875 0.5072115384615384 0.02403846153846154 0.038461538461538464
0 0.15504807692307693 0.3641826923076923 0.04326923076923077 0.0625
2 0.21514423076923078 0.38461538461538464 0.040865384615384616 0.07692307692307693
2 0.19230769230769232 0.3762019230769231 0.03365384615384615 0.06490384615384616