2 0.55703125 0.56328125 0.115625 0.16875
2 0.70390625 0.875 0.1125 0.18125
2 0.73671875 0.67578125 0.0796875 0.13125
2 0.8296875 0.52421875 0.05625 0.0953125
2 0.1453125 0.5609375 0.071875 0.0921875
2 0.2234375 0.60078125 0.071875 0.1046875
2 0.0796875 0.42265625 0.065625 0.0953125
2 0.2296875 0.475 0.0515625 0.08125
2 0.296875 0.40859375 0.0578125 0.0859375
2 0.346875 0.41015625 0.0375 0.0609375
2 0.38984375 0.4203125 0.0390625 0.059375
2 0.4859375 0.4453125 0.0359375 0.0484375
2 0.4890625 0.58046875 0.059375 0.0890625
2 0.62734375 0.49375 0.046875 0.0828125
2 0.53828125 0.43046875 0.0375 0.05625
2 0.61171875 0.41015625 0.034375 0.0484375
2 0.66953125 0.47734375 0.0375 0.06875
2 0.91953125 0.5359375 0.0265625 0.040625
0 0.16484375 0.33984375 0.046875 0.065625
2 0.2234375 0.365625 0.0453125 0.078125
2 0.20234375 0.3546875 0.0390625 0.065625