2 0.57734375 0.5359375 0.11875 0.1703125
2 0.834375 0.76484375 0.1140625 0.1828125
2 0.7859375 0.56953125 0.08125 0.13125
2 0.8125 0.39375 0.0578125 0.096875
2 0.196875 0.69453125 0.0734375 0.09375
2 0.284375 0.70078125 0.0734375 0.1046875
2 0.0828125 0.59296875 0.0671875 0.0953125
2 0.24140625 0.5828125 0.053125 0.08125
2 0.27734375 0.4953125 0.059375 0.0875
2 0.32421875 0.4765625 0.0390625 0.0609375
2 0.3671875 0.46953125 0.0390625 0.059375
2 0.465625 0.45546875 0.0359375 0.05
2 0.52109375 0.578125 0.0609375 0.0890625
2 0.6140625 0.44453125 0.0484375 0.0828125
2 0.5078125 0.42109375 0.0390625 0.05625
2 0.5671875 0.37421875 0.034375 0.0484375
2 0.646875 0.4125 0.0390625 0.0703125
2 0.9 0.36953125 0.028125 0.040625
0 0.12890625 0.48359375 0.0484375 0.065625
2 0.19296875 0.484375 0.046875 0.078125
2 0.16875 0.4828125 0.0390625 0.065625