1 0.13341346153846154 0.10697115384615384 0.06971153846153846 0.13942307692307693
1 0.027644230769230768 0.25240384615384615 0.055288461538461536 0.08173076923076923
1 0.2668269230769231 0.32572115384615385 0.052884615384615384 0.09375
0 0.3737980769230769 0.3161057692307692 0.038461538461538464 0.08653846153846154
1 0.4110576923076923 0.13221153846153846 0.06009615384615385 0.125
1 0.5240384615384616 0.15985576923076922 0.055288461538461536 0.09134615384615384
1 0.5048076923076923 0.21995192307692307 0.04567307692307692 0.08173076923076923
1 0.5793269230769231 0.2548076923076923 0.028846153846153848 0.07932692307692307
1 0.6550480769230769 0.22355769230769232 0.040865384615384616 0.11057692307692307
1 0.703125 0.22235576923076922 0.036057692307692304 0.09615384615384616
1 0.7680288461538461 0.29086538461538464 0.02403846153846154 0.057692307692307696
1 0.8100961538461539 0.22956730769230768 0.038461538461538464 0.07692307692307693
1 0.8894230769230769 0.25961538461538464 0.03125 0.0889423076923077
1 0.921875 0.24759615384615385 0.036057692307692304 0.09375