1 0.0828125 0.1625 0.0890625 0.146875
1 0.01484375 0.31953125 0.0296875 0.0890625
1 0.24609375 0.3609375 0.0640625 0.1015625
0 0.35 0.33515625 0.0484375 0.090625
1 0.36015625 0.1484375 0.0765625 0.1328125
1 0.47578125 0.15859375 0.0671875 0.0984375
1 0.46640625 0.221875 0.05625 0.0875
1 0.5453125 0.2453125 0.0390625 0.0828125
1 0.615625 0.20390625 0.05625 0.115625
1 0.6625 0.196875 0.0484375 0.1
1 0.73671875 0.25546875 0.0328125 0.0609375
1 0.7703125 0.1890625 0.0484375 0.08125
1 0.8515625 0.20859375 0.04375 0.0921875
1 0.88359375 0.190625 0.046875 0.096875