1 0.20072115384615385 0.06490384615384616 0.0889423076923077 0.12980769230769232
1 0.07091346153846154 0.18028846153846154 0.0625 0.08653846153846154
1 0.296875 0.2920673076923077 0.0625 0.10096153846153846
0 0.4050480769230769 0.2980769230769231 0.04807692307692308 0.09134615384615384
1 0.46875 0.12259615384615384 0.07451923076923077 0.13221153846153846
1 0.5769230769230769 0.16706730769230768 0.06490384615384616 0.09615384615384616
1 0.5480769230769231 0.22355769230769232 0.055288461538461536 0.08653846153846154
1 0.6177884615384616 0.2704326923076923 0.036057692307692304 0.08173076923076923
1 0.6959134615384616 0.2512019230769231 0.052884615384615384 0.11538461538461539
1 0.7439903846153846 0.25721153846153844 0.04807692307692308 0.10096153846153846
1 0.796875 0.33533653846153844 0.03125 0.06009615384615385
1 0.8485576923076923 0.2824519230769231 0.04807692307692308 0.07932692307692307
1 0.921875 0.3233173076923077 0.04326923076923077 0.09134615384615384
1 0.9567307692307693 0.3161057692307692 0.04567307692307692 0.09615384615384616