1 0.065625 0.18515625 0.0953125 0.1484375
1 0.0109375 0.346875 0.021875 0.090625
1 0.2390625 0.37421875 0.06875 0.103125
0 0.34140625 0.34296875 0.053125 0.0921875
1 0.3421875 0.15625 0.08125 0.134375
1 0.45859375 0.1609375 0.0703125 0.1
1 0.4515625 0.22421875 0.0609375 0.0890625
1 0.53203125 0.24296875 0.0421875 0.0828125
1 0.6 0.1984375 0.0609375 0.115625
1 0.64609375 0.18828125 0.053125 0.1015625
1 0.7234375 0.24296875 0.034375 0.0609375
1 0.75390625 0.175 0.0515625 0.08125
1 0.8359375 0.190625 0.0484375 0.09375
1 0.8671875 0.17109375 0.0515625 0.096875