1 0.2091346153846154 0.0625 0.09134615384615384 0.125
1 0.07572115384615384 0.171875 0.06490384615384616 0.08653846153846154
1 0.3016826923076923 0.28846153846153844 0.06490384615384616 0.10096153846153846
0 0.40865384615384615 0.296875 0.04807692307692308 0.09134615384615384
1 0.47596153846153844 0.12259615384615384 0.07692307692307693 0.13221153846153846
1 0.5829326923076923 0.16826923076923078 0.0673076923076923 0.09615384615384616
1 0.5528846153846154 0.2247596153846154 0.057692307692307696 0.08653846153846154
1 0.6213942307692307 0.27163461538461536 0.038461538461538464 0.08173076923076923
1 0.7007211538461539 0.2548076923076923 0.055288461538461536 0.11538461538461539
1 0.7487980769230769 0.2620192307692308 0.05048076923076923 0.10096153846153846
1 0.8004807692307693 0.3401442307692308 0.03365384615384615 0.06009615384615385
1 0.8521634615384616 0.28846153846153844 0.04807692307692308 0.08173076923076923
1 0.9242788461538461 0.3317307692307692 0.04326923076923077 0.09134615384615384
1 0.9603365384615384 0.3245192307692308 0.04807692307692308 0.09615384615384616