1 0.16171875 0.08359375 0.0765625 0.140625
1 0.04375 0.21875 0.0578125 0.0828125
1 0.28046875 0.3109375 0.0546875 0.096875
0 0.3875 0.30703125 0.040625 0.0890625
1 0.43671875 0.12734375 0.0640625 0.128125
1 0.54765625 0.16171875 0.0578125 0.09375
1 0.525 0.22109375 0.0484375 0.0828125
1 0.596875 0.26015625 0.03125 0.08125
1 0.67421875 0.234375 0.0453125 0.1125
1 0.721875 0.23671875 0.0390625 0.0984375
1 0.78203125 0.31015625 0.0265625 0.059375
1 0.82890625 0.25234375 0.040625 0.078125
1 0.9046875 0.28828125 0.034375 0.090625
1 0.93984375 0.27734375 0.0390625 0.09375