2 0.34296875 0.58125 0.05 0.121875
2 0.39140625 0.53515625 0.040625 0.0796875
2 0.58046875 0.521875 0.05625 0.08125
2 0.48828125 0.39453125 0.021875 0.0421875
2 0.26796875 0.49375 0.0359375 0.0640625
2 0.55234375 0.35703125 0.01875 0.0453125
2 0.5890625 0.43203125 0.0359375 0.0640625
2 0.62265625 0.35546875 0.01875 0.0390625
1 0.7546875 0.31171875 0.0609375 0.0953125
2 0.15078125 0.39296875 0.0203125 0.040625
2 0.0234375 0.36484375 0.01875 0.034375
2 0.10234375 0.415625 0.01875 0.034375
2 0.521875 0.26328125 0.009375 0.01875
2 0.5 0.27265625 0.0078125 0.0125
2 0.428125 0.3515625 0.015625 0.03125
2 0.64296875 0.328125 0.0125 0.025