2 0.3401442307692308 0.5757211538461539 0.04567307692307692 0.12259615384615384
2 0.390625 0.53125 0.038461538461538464 0.07932692307692307
2 0.5793269230769231 0.5240384615384616 0.052884615384615384 0.08173076923076923
2 0.49158653846153844 0.39302884615384615 0.019230769230769232 0.040865384615384616
2 0.26802884615384615 0.4855769230769231 0.03365384615384615 0.0625
2 0.5576923076923077 0.359375 0.016826923076923076 0.04567307692307692
2 0.5925480769230769 0.43509615384615385 0.03365384615384615 0.0625
2 0.6274038461538461 0.359375 0.016826923076923076 0.038461538461538464
1 0.7608173076923077 0.32211538461538464 0.057692307692307696 0.09375
2 0.15384615384615385 0.38221153846153844 0.019230769230769232 0.040865384615384616
2 0.028846153846153848 0.3485576923076923 0.019230769230769232 0.03365384615384615
2 0.10697115384615384 0.4014423076923077 0.019230769230769232 0.03365384615384615
2 0.5300480769230769 0.2644230769230769 0.009615384615384616 0.016826923076923076
2 0.5084134615384616 0.27283653846153844 0.007211538461538462 0.014423076923076924
2 0.4326923076923077 0.3485576923076923 0.014423076923076924 0.03125
2 0.6478365384615384 0.33413461538461536 0.009615384615384616 0.02403846153846154