2 0.3390625 0.5734375 0.04375 0.1203125
2 0.38984375 0.5296875 0.0359375 0.078125
2 0.5796875 0.52578125 0.0515625 0.0796875
2 0.49453125 0.39375 0.0203125 0.040625
2 0.26875 0.48203125 0.0328125 0.0625
2 0.56015625 0.36015625 0.015625 0.0453125
2 0.59296875 0.4375 0.0328125 0.0625
2 0.6296875 0.36171875 0.0171875 0.0390625
1 0.7640625 0.32578125 0.05625 0.09375
2 0.15703125 0.375 0.01875 0.040625
2 0.03125 0.33984375 0.0171875 0.034375
2 0.10703125 0.3953125 0.0171875 0.0328125
2 0.534375 0.26484375 0.009375 0.0171875
2 0.51171875 0.27265625 0.0078125 0.0125
2 0.4359375 0.34765625 0.0140625 0.03125
2 0.6515625 0.3359375 0.0109375 0.025