2 0.35234375 0.59765625 0.0625 0.1234375
2 0.39609375 0.54609375 0.046875 0.08125
2 0.58203125 0.51328125 0.0625 0.084375
2 0.47734375 0.39609375 0.025 0.0421875
2 0.26875 0.51796875 0.040625 0.065625
2 0.5375 0.35234375 0.0234375 0.0453125
2 0.58203125 0.4234375 0.040625 0.065625
2 0.60625 0.34296875 0.021875 0.0390625
1 0.73359375 0.28671875 0.06875 0.0984375
2 0.14140625 0.43046875 0.0234375 0.0421875
2 0.0125 0.415625 0.021875 0.0359375
2 0.09609375 0.4578125 0.021875 0.034375
2 0.49765625 0.2625 0.0109375 0.01875
2 0.47578125 0.27421875 0.009375 0.0140625
2 0.41328125 0.359375 0.01875 0.0328125
2 0.62421875 0.3140625 0.0140625 0.025