2 0.32572115384615385 0.53125 0.055288461538461536 0.12259615384615384
2 0.3858173076923077 0.5024038461538461 0.04326923076923077 0.07932692307692307
2 0.5709134615384616 0.5444711538461539 0.06009615384615385 0.08413461538461539
2 0.5192307692307693 0.3954326923076923 0.02403846153846154 0.040865384615384616
2 0.2800480769230769 0.4254807692307692 0.038461538461538464 0.06490384615384616
2 0.5925480769230769 0.3798076923076923 0.021634615384615384 0.04567307692307692
2 0.6057692307692307 0.46153846153846156 0.038461538461538464 0.06490384615384616
2 0.6598557692307693 0.39783653846153844 0.021634615384615384 0.038461538461538464
1 0.7980769230769231 0.3954326923076923 0.06490384615384616 0.0985576923076923
2 0.1971153846153846 0.296875 0.021634615384615384 0.040865384615384616
2 0.08533653846153846 0.23197115384615385 0.021634615384615384 0.03365384615384615
2 0.14543269230769232 0.30288461538461536 0.021634615384615384 0.03365384615384615
2 0.5901442307692307 0.2800480769230769 0.009615384615384616 0.016826923076923076
2 0.5661057692307693 0.2824519230769231 0.007211538461538462 0.014423076923076924
2 0.4735576923076923 0.33653846153846156 0.016826923076923076 0.03125
2 0.6862980769230769 0.37740384615384615 0.01201923076923077 0.02403846153846154