1 0.07421875 0.66875 0.0796875 0.1203125
1 0.13984375 0.7828125 0.0703125 0.1203125
1 0.196875 0.6109375 0.0734375 0.146875
1 0.28359375 0.7 0.08125 0.1421875
1 0.3484375 0.596875 0.0703125 0.1078125
1 0.45078125 0.70859375 0.0734375 0.1265625
1 0.48984375 0.55 0.0765625 0.1296875
1 0.57265625 0.6125 0.0828125 0.13125
1 0.6265625 0.528125 0.0796875 0.1375
1 0.725 0.62265625 0.075 0.121875
1 0.76796875 0.55390625 0.0796875 0.140625
1 0.85234375 0.64453125 0.0734375 0.121875
1 0.8984375 0.503125 0.0734375 0.121875
1 0.96953125 0.55234375 0.0578125 0.1421875