1 0.07451923076923077 0.6694711538461539 0.07932692307692307 0.1201923076923077
1 0.13942307692307693 0.7824519230769231 0.06971153846153846 0.1201923076923077
1 0.1971153846153846 0.6105769230769231 0.07451923076923077 0.1466346153846154
1 0.28365384615384615 0.6995192307692307 0.08173076923076923 0.14423076923076922
1 0.3485576923076923 0.5973557692307693 0.06971153846153846 0.10817307692307693
1 0.45072115384615385 0.7079326923076923 0.07451923076923077 0.125
1 0.4891826923076923 0.5504807692307693 0.07692307692307693 0.12980769230769232
1 0.5733173076923077 0.6117788461538461 0.08413461538461539 0.13221153846153846
1 0.6262019230769231 0.5288461538461539 0.08173076923076923 0.13701923076923078
1 0.7247596153846154 0.6225961538461539 0.07451923076923077 0.12259615384615384
1 0.7680288461538461 0.5552884615384616 0.07932692307692307 0.13942307692307693
1 0.8521634615384616 0.6454326923076923 0.07451923076923077 0.1201923076923077
1 0.8978365384615384 0.5036057692307693 0.07451923076923077 0.1201923076923077
1 0.9699519230769231 0.5540865384615384 0.055288461538461536 0.14182692307692307