1 0.0421875 0.51328125 0.071875 0.1171875
1 0.06484375 0.6421875 0.0640625 0.11875
1 0.17734375 0.50078125 0.0640625 0.1453125
1 0.228125 0.6140625 0.0734375 0.140625
1 0.32421875 0.5390625 0.0640625 0.1046875
1 0.3828125 0.67890625 0.065625 0.1234375
1 0.4734375 0.54375 0.06875 0.1265625
1 0.5296875 0.63046875 0.075 0.128125
1 0.609375 0.56953125 0.071875 0.1359375
1 0.66953125 0.6921875 0.06875 0.1203125
1 0.73359375 0.6421875 0.0703125 0.1375
1 0.78203125 0.75625 0.0671875 0.11875
1 0.8734375 0.6390625 0.0671875 0.11875
1 0.934375 0.7140625 0.0703125 0.1375