1 0.06610576923076923 0.6466346153846154 0.07451923076923077 0.11778846153846154
1 0.125 0.7632211538461539 0.06490384615384616 0.1201923076923077
1 0.19110576923076922 0.5949519230769231 0.0673076923076923 0.14423076923076922
1 0.27283653846153844 0.6875 0.07451923076923077 0.14182692307692307
1 0.34375 0.5889423076923077 0.06490384615384616 0.10576923076923077
1 0.43990384615384615 0.7055288461538461 0.0673076923076923 0.125
1 0.48677884615384615 0.5492788461538461 0.07211538461538461 0.12740384615384615
1 0.5673076923076923 0.6153846153846154 0.07932692307692307 0.12980769230769232
1 0.625 0.5348557692307693 0.07451923076923077 0.1346153846153846
1 0.71875 0.6346153846153846 0.06971153846153846 0.1201923076923077
1 0.765625 0.5685096153846154 0.07211538461538461 0.13942307692307693
1 0.8449519230769231 0.6634615384615384 0.06971153846153846 0.1201923076923077
1 0.8966346153846154 0.5252403846153846 0.06971153846153846 0.1201923076923077
1 0.9699519230769231 0.578125 0.055288461538461536 0.14182692307692307