1 0.0421875 0.4890625 0.078125 0.11875
1 0.0578125 0.61953125 0.06875 0.1203125
1 0.17734375 0.48359375 0.071875 0.1453125
1 0.22265625 0.6 0.0796875 0.1421875
1 0.32265625 0.5296875 0.06875 0.10625
1 0.3734375 0.67265625 0.071875 0.125
1 0.47109375 0.5421875 0.075 0.1296875
1 0.52265625 0.63203125 0.08125 0.1296875
1 0.60546875 0.57578125 0.078125 0.1375
1 0.659375 0.70078125 0.0734375 0.121875
1 0.72578125 0.6546875 0.0765625 0.1390625
1 0.76796875 0.77109375 0.071875 0.1203125
1 0.865625 0.65859375 0.071875 0.1203125
1 0.92265625 0.73671875 0.0765625 0.1390625