1 0.07091346153846154 0.6622596153846154 0.07692307692307693 0.1201923076923077
1 0.1346153846153846 0.7764423076923077 0.06971153846153846 0.1201923076923077
1 0.19471153846153846 0.6057692307692307 0.07211538461538461 0.1466346153846154
1 0.2800480769230769 0.6959134615384616 0.07932692307692307 0.14182692307692307
1 0.3473557692307692 0.5949519230769231 0.06971153846153846 0.10817307692307693
1 0.44711538461538464 0.7079326923076923 0.07211538461538461 0.125
1 0.4891826923076923 0.5504807692307693 0.07451923076923077 0.12980769230769232
1 0.5709134615384616 0.6129807692307693 0.08173076923076923 0.12980769230769232
1 0.6262019230769231 0.5300480769230769 0.07932692307692307 0.13701923076923078
1 0.7235576923076923 0.6274038461538461 0.07451923076923077 0.1201923076923077
1 0.7680288461538461 0.5588942307692307 0.07692307692307693 0.13942307692307693
1 0.8497596153846154 0.6514423076923077 0.07211538461538461 0.1201923076923077
1 0.8978365384615384 0.5108173076923077 0.07211538461538461 0.1201923076923077
1 0.9699519230769231 0.5612980769230769 0.055288461538461536 0.14182692307692307