1 0.25703125 0.5328125 0.059375 0.0875
0 0.0953125 0.484375 0.0328125 0.06875
1 0.06953125 0.31796875 0.040625 0.0671875
1 0.565625 0.603125 0.053125 0.065625
1 0.65703125 0.6515625 0.05625 0.0953125
1 0.36015625 0.5140625 0.0453125 0.0890625
1 0.50390625 0.509375 0.0328125 0.08125
1 0.13125 0.3265625 0.0390625 0.065625
1 0.24375 0.2296875 0.034375 0.040625
1 0.3421875 0.296875 0.04375 0.05
1 0.29453125 0.3859375 0.040625 0.075
1 0.21875 0.321875 0.040625 0.0515625
1 0.09453125 0.16875 0.0234375 0.05625
1 0.7125 0.42109375 0.04375 0.071875
1 0.75625 0.65703125 0.0390625 0.0953125
1 0.82265625 0.51171875 0.0421875 0.078125
1 0.47265625 0.26953125 0.034375 0.05
1 0.53984375 0.28046875 0.0328125 0.0625
1 0.61640625 0.22421875 0.034375 0.059375
1 0.6609375 0.35703125 0.034375 0.05625
1 0.87421875 0.4953125 0.0328125 0.0671875
1 0.92421875 0.3828125 0.034375 0.071875
1 0.8359375 0.29921875 0.028125 0.059375
1 0.78046875 0.27734375 0.040625 0.0515625