1 0.2704326923076923 0.5865384615384616 0.07692307692307693 0.0985576923076923
0 0.10096153846153846 0.5757211538461539 0.04807692307692308 0.07451923076923077
1 0.038461538461538464 0.41947115384615385 0.052884615384615384 0.07451923076923077
1 0.5865384615384616 0.5853365384615384 0.06490384615384616 0.07451923076923077
1 0.6875 0.6117788461538461 0.07451923076923077 0.10576923076923077
1 0.36778846153846156 0.5456730769230769 0.06490384615384616 0.09615384615384616
1 0.5060096153846154 0.5072115384615384 0.05048076923076923 0.08653846153846154
1 0.10096153846153846 0.41466346153846156 0.052884615384615384 0.07211538461538461
1 0.18990384615384615 0.2932692307692308 0.04326923076923077 0.04567307692307692
1 0.3004807692307692 0.33774038461538464 0.052884615384615384 0.06009615384615385
1 0.27403846153846156 0.43509615384615385 0.057692307692307696 0.08173076923076923
1 0.18629807692307693 0.3894230769230769 0.05048076923076923 0.06009615384615385
1 0.030048076923076924 0.2692307692307692 0.036057692307692304 0.06009615384615385
1 0.6899038461538461 0.3762019230769231 0.057692307692307696 0.07932692307692307
1 0.7836538461538461 0.5961538461538461 0.06009615384615385 0.10096153846153846
1 0.8173076923076923 0.4387019230769231 0.057692307692307696 0.08413461538461539
1 0.421875 0.2800480769230769 0.04567307692307692 0.055288461538461536
1 0.4891826923076923 0.2776442307692308 0.04567307692307692 0.0673076923076923
1 0.5504807692307693 0.20552884615384615 0.04567307692307692 0.06490384615384616
1 0.625 0.32572115384615385 0.04567307692307692 0.0625
1 0.8641826923076923 0.4110576923076923 0.04567307692307692 0.07211538461538461
1 0.8870192307692307 0.29086538461538464 0.05048076923076923 0.07692307692307693
1 0.78125 0.22956730769230768 0.040865384615384616 0.0625
1 0.7223557692307693 0.21875 0.05048076923076923 0.06009615384615385