1 0.2578125 0.54140625 0.0625 0.0890625
0 0.09453125 0.4984375 0.034375 0.06875
1 0.06328125 0.3328125 0.0421875 0.06875
1 0.56953125 0.60078125 0.0546875 0.0671875
1 0.6625 0.6453125 0.059375 0.096875
1 0.3609375 0.51875 0.0484375 0.090625
1 0.5046875 0.509375 0.0359375 0.08125
1 0.12578125 0.33984375 0.0421875 0.0671875
1 0.234375 0.23828125 0.0359375 0.0421875
1 0.3359375 0.303125 0.0453125 0.0515625
1 0.290625 0.39296875 0.04375 0.0765625
1 0.2125 0.33203125 0.0421875 0.053125
1 0.0828125 0.1828125 0.025 0.05625
1 0.71015625 0.4140625 0.0453125 0.0734375
1 0.7609375 0.6484375 0.0421875 0.096875
1 0.8234375 0.5 0.0453125 0.0796875
1 0.46484375 0.2703125 0.0359375 0.0515625
1 0.53203125 0.27890625 0.034375 0.0625
1 0.60625 0.2203125 0.0359375 0.0609375
1 0.65546875 0.3515625 0.0359375 0.0578125
1 0.8734375 0.48203125 0.034375 0.0671875
1 0.9203125 0.36875 0.0375 0.0734375
1 0.828125 0.28828125 0.0296875 0.0609375
1 0.77265625 0.2671875 0.0421875 0.053125