1 0.2548076923076923 0.4987980769230769 0.0673076923076923 0.09375
0 0.10096153846153846 0.42788461538461536 0.038461538461538464 0.07211538461538461
1 0.0985576923076923 0.25961538461538464 0.04567307692307692 0.06971153846153846
1 0.5504807692307693 0.6105769230769231 0.06009615384615385 0.06971153846153846
1 0.6346153846153846 0.671875 0.06490384615384616 0.10096153846153846
1 0.3605769230769231 0.4951923076923077 0.055288461538461536 0.09375
1 0.5024038461538461 0.5084134615384616 0.040865384615384616 0.08413461538461539
1 0.15745192307692307 0.2776442307692308 0.04567307692307692 0.06971153846153846
1 0.28365384615384615 0.19591346153846154 0.038461538461538464 0.04326923076923077
1 0.37259615384615385 0.2776442307692308 0.04807692307692308 0.055288461538461536
1 0.3125 0.3581730769230769 0.04807692307692308 0.07932692307692307
1 0.24639423076923078 0.2848557692307692 0.04567307692307692 0.055288461538461536
1 0.14423076923076922 0.11658653846153846 0.028846153846153848 0.057692307692307696
1 0.7211538461538461 0.4519230769230769 0.05048076923076923 0.07692307692307693
1 0.7307692307692307 0.6923076923076923 0.04807692307692308 0.0985576923076923
1 0.8185096153846154 0.5564903846153846 0.05048076923076923 0.08173076923076923
1 0.5060096153846154 0.2668269230769231 0.038461538461538464 0.052884615384615384
1 0.5697115384615384 0.28846153846153844 0.038461538461538464 0.06490384615384616
1 0.6526442307692307 0.24278846153846154 0.038461538461538464 0.0625
1 0.6790865384615384 0.38100961538461536 0.038461538461538464 0.06009615384615385
1 0.8713942307692307 0.5480769230769231 0.038461538461538464 0.06971153846153846
1 0.9362980769230769 0.44350961538461536 0.040865384615384616 0.07451923076923077
1 0.8605769230769231 0.3485576923076923 0.03365384615384615 0.0625
1 0.8076923076923077 0.3173076923076923 0.04567307692307692 0.055288461538461536