1 0.25600961538461536 0.5240384615384616 0.06009615384615385 0.08653846153846154
0 0.09495192307692307 0.4699519230769231 0.03125 0.06971153846153846
1 0.07572115384615384 0.30288461538461536 0.038461538461538464 0.0673076923076923
1 0.5612980769230769 0.6045673076923077 0.052884615384615384 0.06490384615384616
1 0.6526442307692307 0.65625 0.055288461538461536 0.09615384615384616
1 0.3605769230769231 0.5096153846153846 0.04567307692307692 0.0889423076923077
1 0.5036057692307693 0.5084134615384616 0.03365384615384615 0.08173076923076923
1 0.13701923076923078 0.31490384615384615 0.038461538461538464 0.06490384615384616
1 0.2536057692307692 0.21995192307692307 0.03365384615384615 0.040865384615384616
1 0.34975961538461536 0.2920673076923077 0.04326923076923077 0.05048076923076923
1 0.29927884615384615 0.3786057692307692 0.040865384615384616 0.07451923076923077
1 0.22596153846153846 0.3125 0.040865384615384616 0.052884615384615384
1 0.10576923076923077 0.15504807692307693 0.02403846153846154 0.055288461538461536
1 0.7151442307692307 0.42908653846153844 0.04326923076923077 0.07211538461538461
1 0.75 0.6670673076923077 0.038461538461538464 0.09615384615384616
1 0.8233173076923077 0.5228365384615384 0.04326923076923077 0.07692307692307693
1 0.4807692307692308 0.26802884615384615 0.03365384615384615 0.05048076923076923
1 0.546875 0.2824519230769231 0.03125 0.0625
1 0.625 0.2283653846153846 0.03365384615384615 0.06009615384615385
1 0.6658653846153846 0.3629807692307692 0.03365384615384615 0.057692307692307696
1 0.875 0.5084134615384616 0.03125 0.0673076923076923
1 0.9290865384615384 0.39783653846153844 0.036057692307692304 0.07211538461538461
1 0.8425480769230769 0.3112980769230769 0.026442307692307692 0.06009615384615385
1 0.7872596153846154 0.2860576923076923 0.040865384615384616 0.052884615384615384