1 0.25546875 0.525 0.059375 0.0875
0 0.09609375 0.4703125 0.0328125 0.06875
1 0.07578125 0.30234375 0.040625 0.0671875
1 0.5625 0.6046875 0.053125 0.065625
1 0.65234375 0.65625 0.05625 0.0953125
1 0.36015625 0.509375 0.0453125 0.0890625
1 0.50390625 0.509375 0.0328125 0.08125
1 0.1375 0.3140625 0.0390625 0.065625
1 0.253125 0.2203125 0.034375 0.040625
1 0.35 0.2921875 0.04375 0.05
1 0.29921875 0.378125 0.040625 0.075
1 0.225 0.3125 0.040625 0.0515625
1 0.10625 0.1546875 0.0234375 0.05625
1 0.715625 0.42890625 0.04375 0.071875
1 0.75 0.66640625 0.0390625 0.0953125
1 0.82265625 0.52265625 0.0421875 0.078125
1 0.48046875 0.26875 0.034375 0.05
1 0.54765625 0.28203125 0.0328125 0.0625
1 0.62578125 0.22890625 0.034375 0.059375
1 0.665625 0.36328125 0.034375 0.05625
1 0.87421875 0.5078125 0.0328125 0.0671875
1 0.928125 0.3984375 0.034375 0.071875
1 0.8421875 0.31171875 0.028125 0.059375
1 0.78828125 0.28671875 0.040625 0.0515625