1 0.07692307692307693 0.23076923076923078 0.07211538461538461 0.0889423076923077
1 0.21634615384615385 0.21995192307692307 0.05048076923076923 0.06490384615384616
1 0.29447115384615385 0.22235576923076922 0.04807692307692308 0.06971153846153846
1 0.4411057692307692 0.22355769230769232 0.06009615384615385 0.08173076923076923
1 0.5432692307692307 0.27884615384615385 0.057692307692307696 0.06490384615384616
1 0.5985576923076923 0.34375 0.0673076923076923 0.10336538461538461
1 0.7115384615384616 0.38461538461538464 0.07692307692307693 0.14182692307692307
1 0.8209134615384616 0.36538461538461536 0.06009615384615385 0.10096153846153846
1 0.9326923076923077 0.47475961538461536 0.11057692307692307 0.15865384615384615
1 0.8449519230769231 0.2127403846153846 0.040865384615384616 0.06490384615384616
1 0.5600961538461539 0.16466346153846154 0.04567307692307692 0.0625
1 0.4879807692307692 0.22115384615384615 0.038461538461538464 0.07932692307692307
2 0.7019230769230769 0.21995192307692307 0.055288461538461536 0.0985576923076923
2 0.8725961538461539 0.4543269230769231 0.05048076923076923 0.0985576923076923