1 0.08671875 0.21640625 0.0734375 0.090625
1 0.2265625 0.21015625 0.053125 0.0671875
1 0.30390625 0.215625 0.0515625 0.071875
1 0.45078125 0.22109375 0.0609375 0.0828125
1 0.5515625 0.2796875 0.059375 0.065625
1 0.6046875 0.346875 0.0703125 0.1046875
1 0.715625 0.39140625 0.08125 0.14375
1 0.82578125 0.3765625 0.0625 0.103125
1 0.9328125 0.4890625 0.115625 0.1625
1 0.853125 0.225 0.0421875 0.065625
1 0.57265625 0.1671875 0.046875 0.0640625
1 0.4984375 0.2203125 0.0421875 0.0796875
2 0.71171875 0.2265625 0.059375 0.0984375
2 0.8734375 0.46796875 0.0546875 0.0984375