1 0.11328125 0.18125 0.0796875 0.09375
1 0.253125 0.1875 0.0578125 0.0703125
1 0.3296875 0.19921875 0.05625 0.0734375
1 0.475 0.21796875 0.0671875 0.0859375
1 0.5703125 0.28515625 0.0640625 0.06875
1 0.6171875 0.35625 0.078125 0.1078125
1 0.72421875 0.4109375 0.0921875 0.146875
1 0.83515625 0.40546875 0.0703125 0.1046875
1 0.93203125 0.5265625 0.1265625 0.1671875
1 0.87578125 0.25625 0.046875 0.0671875
1 0.6015625 0.175 0.0515625 0.065625
1 0.52265625 0.22109375 0.0484375 0.08125
2 0.73515625 0.24609375 0.0671875 0.1015625
2 0.875 0.50078125 0.0609375 0.1