1 0.027644230769230768 0.38461538461538464 0.055288461538461536 0.09615384615384616
1 0.140625 0.328125 0.057692307692307696 0.06971153846153846
1 0.21514423076923078 0.30408653846153844 0.055288461538461536 0.07451923076923077
1 0.35336538461538464 0.25721153846153844 0.0673076923076923 0.08653846153846154
1 0.46875 0.2764423076923077 0.06490384615384616 0.06971153846153846
1 0.5420673076923077 0.31971153846153844 0.07692307692307693 0.10817307692307693
1 0.6622596153846154 0.32211538461538464 0.09375 0.14903846153846154
1 0.7596153846153846 0.26802884615384615 0.06971153846153846 0.10576923076923077
1 0.9014423076923077 0.33413461538461536 0.125 0.1658653846153846
1 0.7319711538461539 0.11538461538461539 0.04567307692307692 0.0673076923076923
1 0.4483173076923077 0.16346153846153846 0.052884615384615384 0.0673076923076923
1 0.39783653846153844 0.2403846153846154 0.04807692307692308 0.08173076923076923
2 0.5997596153846154 0.16947115384615385 0.0673076923076923 0.10096153846153846
2 0.8365384615384616 0.33533653846153844 0.0625 0.10096153846153846