1 0.10216346153846154 0.19471153846153846 0.07932692307692307 0.09134615384615384
1 0.24158653846153846 0.19591346153846154 0.055288461538461536 0.06971153846153846
1 0.31971153846153844 0.20552884615384615 0.052884615384615384 0.07211538461538461
1 0.4651442307692308 0.21875 0.06490384615384616 0.08413461538461539
1 0.5625 0.28365384615384615 0.0625 0.0673076923076923
1 0.6117788461538461 0.35336538461538464 0.07451923076923077 0.10576923076923077
1 0.7211538461538461 0.40384615384615385 0.0889423076923077 0.1466346153846154
1 0.8317307692307693 0.3942307692307692 0.0673076923076923 0.10576923076923077
1 0.9338942307692307 0.5120192307692307 0.12259615384615384 0.16346153846153846
1 0.8677884615384616 0.2439903846153846 0.04567307692307692 0.0673076923076923
1 0.5901442307692307 0.17067307692307693 0.05048076923076923 0.06490384615384616
1 0.5132211538461539 0.22115384615384615 0.04567307692307692 0.08173076923076923
2 0.7259615384615384 0.23918269230769232 0.06490384615384616 0.10096153846153846
2 0.875 0.48677884615384615 0.06009615384615385 0.10096153846153846