1 0.12860576923076922 0.5276442307692307 0.055288461538461536 0.08653846153846154
1 0.25600961538461536 0.5180288461538461 0.06490384615384616 0.09375
1 0.49038461538461536 0.39663461538461536 0.04567307692307692 0.08173076923076923
1 0.5697115384615384 0.5829326923076923 0.0625 0.125
1 0.2704326923076923 0.22355769230769232 0.0625 0.08173076923076923
1 0.2247596153846154 0.16826923076923078 0.04567307692307692 0.08173076923076923
1 0.6670673076923077 0.2704326923076923 0.040865384615384616 0.07211538461538461
1 0.8161057692307693 0.46033653846153844 0.04807692307692308 0.09134615384615384
1 0.6237980769230769 0.8473557692307693 0.11538461538461539 0.2091346153846154
1 0.2512019230769231 0.7427884615384616 0.055288461538461536 0.08413461538461539
1 0.08533653846153846 0.8353365384615384 0.07451923076923077 0.10817307692307693
1 0.9302884615384616 0.6454326923076923 0.06490384615384616 0.09375
1 0.37259615384615385 0.27884615384615385 0.040865384615384616 0.07211538461538461