1 0.12734375 0.5078125 0.059375 0.0890625
1 0.25546875 0.50546875 0.06875 0.096875
1 0.49609375 0.396875 0.05 0.0828125
1 0.565625 0.5875 0.06875 0.1265625
1 0.28515625 0.2109375 0.065625 0.084375
1 0.24296875 0.1546875 0.05 0.084375
1 0.678125 0.2796875 0.04375 0.0734375
1 0.8171875 0.4765625 0.053125 0.0921875
1 0.60546875 0.853125 0.125 0.2140625
1 0.23828125 0.72890625 0.059375 0.0859375
1 0.06875 0.81328125 0.0796875 0.1109375
1 0.921875 0.6671875 0.06875 0.096875
1 0.38359375 0.271875 0.04375 0.0734375