1 0.134375 0.571875 0.0515625 0.084375
1 0.26015625 0.5484375 0.059375 0.0921875
1 0.478125 0.39921875 0.0421875 0.0796875
1 0.5796875 0.57421875 0.05625 0.121875
1 0.23828125 0.253125 0.0578125 0.0796875
1 0.1875 0.2046875 0.0421875 0.08125
1 0.6375 0.25234375 0.0375 0.0703125
1 0.80859375 0.421875 0.04375 0.0890625
1 0.665625 0.8296875 0.1046875 0.20625
1 0.28203125 0.77109375 0.0515625 0.0828125
1 0.1296875 0.88359375 0.0703125 0.1046875
1 0.94453125 0.59140625 0.059375 0.0921875
1 0.34609375 0.29609375 0.0375 0.0703125