1 0.12740384615384615 0.5144230769230769 0.057692307692307696 0.0889423076923077
1 0.2548076923076923 0.5096153846153846 0.0673076923076923 0.09615384615384616
1 0.49399038461538464 0.39663461538461536 0.04807692307692308 0.08173076923076923
1 0.5673076923076923 0.5853365384615384 0.0673076923076923 0.125
1 0.28125 0.21514423076923078 0.06490384615384616 0.08413461538461539
1 0.23677884615384615 0.15865384615384615 0.04807692307692308 0.08413461538461539
1 0.6754807692307693 0.2764423076923077 0.04326923076923077 0.07451923076923077
1 0.8173076923076923 0.47115384615384615 0.05048076923076923 0.09134615384615384
1 0.6117788461538461 0.8521634615384616 0.12259615384615384 0.21153846153846154
1 0.24278846153846154 0.7331730769230769 0.057692307692307696 0.08653846153846154
1 0.07451923076923077 0.8209134615384616 0.07692307692307693 0.11057692307692307
1 0.9242788461538461 0.6598557692307693 0.0673076923076923 0.09615384615384616
1 0.3798076923076923 0.27403846153846156 0.04326923076923077 0.07211538461538461