1 0.15745192307692307 0.6478365384615384 0.0673076923076923 0.09134615384615384
1 0.27524038461538464 0.5973557692307693 0.07692307692307693 0.10096153846153846
1 0.4579326923076923 0.4050480769230769 0.057692307692307696 0.08653846153846154
1 0.59375 0.5564903846153846 0.07932692307692307 0.12980769230769232
1 0.1935096153846154 0.3125 0.07211538461538461 0.0889423076923077
1 0.13221153846153846 0.2764423076923077 0.057692307692307696 0.08653846153846154
1 0.5841346153846154 0.2283653846153846 0.05048076923076923 0.07692307692307693
1 0.7860576923076923 0.359375 0.06009615384615385 0.09615384615384616
1 0.7307692307692307 0.7884615384615384 0.14423076923076922 0.21875
1 0.34375 0.8100961538461539 0.0673076923076923 0.0889423076923077
1 0.21875 0.9459134615384616 0.09134615384615384 0.10336538461538461
1 0.9543269230769231 0.49759615384615385 0.07692307692307693 0.10096153846153846
1 0.3076923076923077 0.3329326923076923 0.05048076923076923 0.07451923076923077