1 0.1328125 0.565625 0.05 0.084375
1 0.259375 0.54375 0.0578125 0.090625
1 0.48046875 0.3984375 0.040625 0.078125
1 0.57890625 0.57578125 0.0546875 0.121875
1 0.2421875 0.2484375 0.05625 0.0796875
1 0.1921875 0.19921875 0.040625 0.0796875
1 0.6421875 0.2546875 0.0359375 0.0703125
1 0.809375 0.42734375 0.0421875 0.0875
1 0.659375 0.83203125 0.1015625 0.2046875
1 0.27734375 0.7671875 0.05 0.08125
1 0.12265625 0.8765625 0.06875 0.1046875
1 0.94296875 0.59921875 0.0578125 0.090625
1 0.34921875 0.29296875 0.0359375 0.06875